0.011214610189199448 0.04512958601117134 0.001586788333952427 0.0004230658523738384 0.0031372583471238613 0.0007894117734394968 0.010960821993649006 0.0006310260505415499 0.9261274933815002
0.011743946932256222 0.050911109894514084 0.0018105055205523968 0.0004215352237224579 0.0027972825337201357 0.0006943799089640379 0.01067792996764183 0.0006383806467056274 0.9203050136566162
0.011678499169647694 0.052782412618398666 0.0019029105314984918 0.0004611629410646856 0.0033989143557846546 0.0007470686687156558 0.01040414534509182 0.0006237962516024709 0.9180009961128235
0.011502436362206936 0.05740709975361824 0.0017574219964444637 0.00041749837691895664 0.0025644213892519474 0.0007155819912441075 0.008828929625451565 0.0005356328911148012 0.9162708520889282
0.010523169301450253 0.05534849315881729 0.0020333132706582546 0.0004995953058823943 0.004267406649887562 0.0007661582785658538 0.012367155402898788 0.0005681923357769847 0.913626492023468
0.01011218223720789 0.05644421651959419 0.0019225316355004907 0.0004848103562835604 0.0038364864885807037 0.0007931279251351953 0.011533324606716633 0.0005358767230063677 0.9143375158309937
0.009839586913585663 0.05165346711874008 0.0018127557123079896 0.0004389093373902142 0.002588629489764571 0.0006592932622879744 0.008869891054928303 0.00048680597683414817 0.9236506223678589
0.005944772623479366 0.02915709838271141 0.0018080096924677491 0.0004733799141831696 0.006810296326875687 0.0005676513537764549 0.025043338537216187 0.0008881903486326337 0.929307222366333
0.005606365390121937 0.026816673576831818 0.0017869921866804361 0.0004635788209270686 0.008061910048127174 0.0005164884496480227 0.026787802577018738 0.0008892822079360485 0.9290708899497986
0.006589855998754501 0.03407285735011101 0.0019005300709977746 0.0004765685589518398 0.006860572379082441 0.0005368181155063212 0.020366258919239044 0.0007751400698907673 0.9284213185310364
0.006931763608008623 0.03640327602624893 0.0017658439464867115 0.0004294886311981827 0.00475307647138834 0.0005166574846953154 0.015586856752634048 0.0006718643708154559 0.932941198348999
0.007542661391198635 0.039656177163124084 0.0017998464172706008 0.0004375506250653416 0.004522898234426975 0.0005206220666877925 0.015587004832923412 0.000708006089553237 0.9292251467704773
0.006368080619722605 0.035666655749082565 0.0020822423975914717 0.0005075183580629528 0.007183301728218794 0.0004997513024136424 0.018927546218037605 0.0007041331264190376 0.9280608296394348
0.0017597053665667772 0.0014607097255066037 0.00021855122759006917 0.0002308794646523893 0.0021769606973975897 0.00010156860662391409 0.9696534872055054 0.00503007136285305 0.01936795935034752
0.0012093186378479004 0.0010180294048041105 0.000199941496248357 0.00022849523520562798 0.0017898061778396368 8.528908801963553e-05 0.9782248735427856 0.00534255662932992 0.011901606805622578
0.0009402224095538259 0.0008118161931633949 0.00020646264601964504 0.0002450343454256654 0.0017292248085141182 7.84422954893671e-05 0.9802697896957397 0.00570197869092226 0.010016903281211853
0.0009442386217415333 0.0008338314364664257 0.00018594987341202796 0.00022235323558561504 0.0016158625949174166 7.884064689278603e-05 0.9824603199958801 0.005947417579591274 0.007711007725447416
0.0009808094473555684 0.0007564380648545921 0.0001814290735637769 0.00022425090719480067 0.0015101229073479772 8.059009269345552e-05 0.9830021262168884 0.005536787677556276 0.007727380376309156
0.0010033430298790336 0.0007144888513721526 0.0001761478342814371 0.00022484360670205206 0.0014151710784062743 8.134781091939658e-05 0.9835561513900757 0.005476763006299734 0.007351764012128115
0.0010361488675698638 0.0006971742841415107 0.00016984374087769538 0.00022084616648498923 0.0014405869878828526 8.414645708398893e-05 0.9836902022361755 0.005328720901161432 0.007332314737141132
0.0008776262984611094 0.0006943492917343974 0.00017519821994937956 0.0002260622422909364 0.0014565202873200178 8.229995728470385e-05 0.9841095805168152 0.005614261608570814 0.006764272227883339
0.0008333795121870935 0.0007039865595288575 0.00016488762048538774 0.0002132427180185914 0.0014414028264582157 8.528500620741397e-05 0.9845937490463257 0.005859719589352608 0.006104340776801109
0.0008070655167102814 0.0006725962739437819 0.00016463121573906392 0.00021292714518494904 0.0014415563782677054 8.370391878997907e-05 0.9843094348907471 0.006140881683677435 0.006167097948491573
0.0006805288139730692 0.0007232207572087646 0.00021519711299333721 0.0002670105022843927 0.0012353012571111321 7.651729538338259e-05 0.9825860261917114 0.0065022618509829044 0.007713950704783201
0.0007338965078815818 0.0006789478939026594 0.000184846663614735 0.00023433509340975434 0.0012364276917651296 7.939359056763351e-05 0.9839328527450562 0.006458966992795467 0.006460242439061403
0.0006440855213440955 0.0006529975798912346 0.00020488424343056977 0.00025584339164197445 0.0012826465535908937 7.638098031748086e-05 0.9834675192832947 0.006813403684645891 0.006602300330996513
0.0006216882611624897 0.0006423525628633797 0.00020168146875221282 0.00025374931283295155 0.001262819510884583 7.757227285765111e-05 0.9834638237953186 0.007111354731023312 0.006364933680742979
0.0006049473886378109 0.0005916908849030733 0.00020778148609679192 0.00026924203848466277 0.0011890544556081295 7.560717494925484e-05 0.9835752248764038 0.007279518060386181 0.006206946447491646
0.0006377962417900562 0.0005947250756435096 0.00020552943169604987 0.0002656055148690939 0.0011100744595751166 7.533725874964148e-05 0.9840648770332336 0.007119515910744667 0.005926522891968489
0.0006641292129643261 0.0005839116056449711 0.00019975719624198973 0.00026003553648479283 0.0011104672448709607 7.621823169756681e-05 0.9849169850349426 0.006716940551996231 0.005471556913107634
0.0006274052429944277 0.0005716006271541119 0.00020125831360928714 0.000259581720456481 0.001155956881120801 7.631978223798797e-05 0.9847481846809387 0.006706247106194496 0.0056535336188972
0.0006016076076775789 0.0005745500675402582 0.00021279253996908665 0.0002736944588832557 0.0011731197591871023 7.40341711207293e-05 0.9842342734336853 0.007046674378216267 0.005809263791888952
0.0005022808909416199 0.0005871802568435669 0.0002462520496919751 0.00029917829670011997 0.0012911728117614985 7.293240196304396e-05 0.982053279876709 0.008151175454258919 0.006796576548367739
0.00045435564243234694 0.0005896771908737719 0.0002553308440838009 0.00029690246446989477 0.0015350679168477654 7.661861309316009e-05 0.9808552861213684 0.00847895909100771 0.007457745261490345
0.0004524016403593123 0.0006671982700936496 0.0002936490054707974 0.0002940085541922599 0.0018232883885502815 8.751199493417516e-05 0.9759448170661926 0.0071590314619243145 0.013278065249323845
0.0004969678702764213 0.0008756048046052456 0.00037400025757960975 0.0003160358755849302 0.002358729252591729 0.0001028640108415857 0.9624120593070984 0.00675073591992259 0.026313021779060364
0.0007527397247031331 0.0019273506477475166 0.0005834180046804249 0.0003981181944254786 0.00316214538179338 0.0001371051330352202 0.905794084072113 0.006047141272574663 0.08119791746139526
0.0021120186429470778 0.009214182384312153 0.0010602975962683558 0.0004930428112857044 0.004497360438108444 0.00028437055880203843 0.6333588361740112 0.00497440155595541 0.3440054953098297
0.002793391002342105 0.015863096341490746 0.0013697064714506269 0.0005555567913688719 0.004910394083708525 0.00033867856836877763 0.44544121623039246 0.0040146056562662125 0.5247132778167725
0.0032024653628468513 0.017804650589823723 0.0014519731048494577 0.0005479799583554268 0.0037946307566016912 0.00032804158399812877 0.32781144976615906 0.00358636025339365 0.6414723992347717
0.003876545000821352 0.02053190767765045 0.0014585425378754735 0.0005452556069940329 0.0032781329937279224 0.0003449713985901326 0.2796671986579895 0.0032567179296165705 0.6870406866073608
0.004169827792793512 0.021304789930582047 0.0014642281457781792 0.0005541404825635254 0.0033785866107791662 0.000353474315488711 0.3020067512989044 0.003493755590170622 0.663274347782135
0.003983907401561737 0.021395811811089516 0.0014929400058463216 0.0005654851556755602 0.003419453278183937 0.00035108928568661213 0.29385948181152344 0.003572724061086774 0.6713590025901794
0.013024545274674892 0.06033661216497421 0.0006665088585577905 0.00036697162431664765 0.006630630698055029 0.00045053879148326814 0.862338662147522 0.005802691914141178 0.050382740795612335
0.04164765030145645 0.12720409035682678 0.0007698150002397597 0.00046773377107456326 0.005596749018877745 0.0008398586069233716 0.7796916961669922 0.006982505787163973 0.036799922585487366
0.05364319682121277 0.09319423139095306 0.0007143025868572295 0.0004702632431872189 0.0040747798047959805 0.0007062709191814065 0.7767243981361389 0.010787338949739933 0.05968521907925606
0.2098572999238968 0.41914430260658264 0.0013673158828169107 0.0008849338628351688 0.006108428817242384 0.0014643340837210417 0.30734845995903015 0.007417438551783562 0.04640750214457512
0.33670198917388916 0.3854856491088867 0.0011145203607156873 0.0008698708261363208 0.0048861438408494 0.0016754419775679708 0.23346863687038422 0.006778554990887642 0.029019230976700783
0.21369321644306183 0.3429495692253113 0.001122638350352645 0.0008727129315957427 0.005729986354708672 0.0014733641874045134 0.39814651012420654 0.006586619187146425 0.02942538633942604
0.34238800406455994 0.40008461475372314 0.0011402105446904898 0.0008999757701531053 0.004202782642096281 0.001565333572216332 0.21878862380981445 0.0060944207943975925 0.02483600378036499
0.29319652915000916 0.38972094655036926 0.0011846424313262105 0.0008953858632594347 0.0034039216116070747 0.0015118725132197142 0.27605509757995605 0.0073962402530014515 0.026635393500328064
0.23890557885169983 0.1483694463968277 0.0006635357276536524 0.0006088452646508813 0.0026211293879896402 0.0017722287448123097 0.5752440690994263 0.008217491209506989 0.023597659543156624
0.4938421845436096 0.20560163259506226 0.000790781807154417 0.0007120036170817912 0.0024547369685024023 0.00262581929564476 0.2702828049659729 0.006171211134642363 0.017518822103738785
0.4321597218513489 0.3256944715976715 0.0009646833059377968 0.0007301731966435909 0.0030625835061073303 0.002893471857532859 0.21102768182754517 0.005696283187717199 0.017770931124687195
0.6270625591278076 0.20642384886741638 0.0006478785653598607 0.0005765374517068267 0.0025588127318769693 0.00359814683906734 0.1440799981355667 0.004822310525923967 0.010229887440800667
0.6459333300590515 0.2383928745985031 0.0007389890379272401 0.000622289371676743 0.002297385595738888 0.0034127014223486185 0.09613748639822006 0.0042807129211723804 0.008184175007045269
0.7161197066307068 0.21089835464954376 0.0007149223820306361 0.0006212923326529562 0.0019047721289098263 0.0028583889361470938 0.05692535638809204 0.003314755391329527 0.006642499938607216
0.7934595346450806 0.1637812852859497 0.0006333411438390613 0.0005384456599131227 0.0014943230198696256 0.002820753026753664 0.029627347365021706 0.002522697439417243 0.005122331902384758
0.8397089242935181 0.12311246991157532 0.0005547104519791901 0.0005004435079172254 0.0013448890531435609 0.0026263471227139235 0.025646556168794632 0.0023862372618168592 0.004119509365409613
0.8409271240234375 0.126569464802742 0.0005667954101227224 0.0005242363549768925 0.0012264447286725044 0.002565612317994237 0.0215319711714983 0.0023118527606129646 0.003776462282985449
0.8774863481521606 0.09116537868976593 0.00046563029172830284 0.00045811638119630516 0.0011339440243318677 0.0023856619372963905 0.021248802542686462 0.002214510692283511 0.0034415479749441147
0.8636490702629089 0.10751538723707199 0.0004880410560872406 0.0004534744075499475 0.0011419099755585194 0.002527431584894657 0.018363187089562416 0.0022136650513857603 0.0036477751564234495
0.8795421123504639 0.09803039580583572 0.00048240149044431746 0.0004350435046944767 0.001038784859701991 0.0026422282680869102 0.012666763737797737 0.001903260825201869 0.003259077901020646
0.912321150302887 0.07172950357198715 0.00046962196938693523 0.0004330438969191164 0.0007668244070373476 0.0023018831852823496 0.0074735055677592754 0.0013547070557251573 0.003149770200252533
0.8730553388595581 0.11175046116113663 0.0005781755317002535 0.0004892982542514801 0.0008970629423856735 0.0024015079252421856 0.005957175511866808 0.0013630000175908208 0.0035079545341432095
0.8728211522102356 0.11322442442178726 0.0006127830129116774 0.0005069528706371784 0.0008641925523988903 0.002356847282499075 0.004757378716021776 0.0012198860058560967 0.003636392066255212
0.8832283616065979 0.10437069088220596 0.0006657696794718504 0.0005443202098831534 0.000808465585578233 0.002297192346304655 0.0037469530943781137 0.0011233550030738115 0.003214811207726598
0.8341494202613831 0.15211865305900574 0.0007591413450427353 0.0005980478599667549 0.0009659581119194627 0.0027707938570529222 0.004240080714225769 0.0013375863200053573 0.0030603217892348766
0.8034876585006714 0.18186862766742706 0.0008081311243586242 0.0005980395944789052 0.0010474163573235273 0.0029511451721191406 0.0043903798796236515 0.0013984069228172302 0.003450252814218402
0.8036841154098511 0.18223810195922852 0.0008371868752874434 0.0006117637385614216 0.0010311396326869726 0.002909535076469183 0.0038680811412632465 0.0013140166411176324 0.003505998058244586
0.8319382667541504 0.15416958928108215 0.0007260059355758131 0.000554593454580754 0.001086511416360736 0.003026150166988373 0.0041172499768435955 0.0013285265304148197 0.0030530141666531563
0.8226362466812134 0.1630707085132599 0.0007566935382783413 0.0005584336468018591 0.0010338958818465471 0.003111820435151458 0.004203863441944122 0.0013363054022192955 0.0032919400837272406
0.8362098336219788 0.1500619798898697 0.0007605851860716939 0.0005645269411616027 0.0009125154465436935 0.002917299512773752 0.0039270599372684956 0.0012383426073938608 0.0034077961463481188
0.8751201629638672 0.11235399544239044 0.0006965753273107111 0.0005465775611810386 0.0007758163847029209 0.0026360931806266308 0.003642656607553363 0.0011259806342422962 0.0031021309550851583
0.893912672996521 0.09411989897489548 0.0006449325010180473 0.0005240962491370738 0.0007368845981545746 0.002519358182325959 0.0036375275813043118 0.0011303240898996592 0.0027743098326027393
0.9197622537612915 0.06913755089044571 0.0005932453204877675 0.0005041051190346479 0.0006014952668920159 0.002290886826813221 0.003418861422687769 0.0010877130553126335 0.002603866159915924
0.823994517326355 0.1619364619255066 0.0008733984432183206 0.0006300273234955966 0.0008690898539498448 0.0028598890639841557 0.004222820047289133 0.0014638574793934822 0.003149867756292224
0.8353114724159241 0.15125545859336853 0.0007892558351159096 0.0005869216402061284 0.0008838083012960851 0.0030978291761130095 0.0036200834438204765 0.0012537338770925999 0.0032013736199587584
0.7971575260162354 0.18863706290721893 0.0009367570164613426 0.0006327024893835187 0.0009600910707376897 0.0033550362568348646 0.0036012553609907627 0.0013650977052748203 0.0033545258920639753
0.8324021100997925 0.15393444895744324 0.0008393240277655423 0.0005641665193252265 0.0008752656867727637 0.003365160431712866 0.0033679520711302757 0.001255889656022191 0.0033956803381443024
0.8707555532455444 0.11585807055234909 0.0007293482776731253 0.0005233793635852635 0.0006996330339461565 0.0034392818342894316 0.0035316685680299997 0.0012407383183017373 0.0032224191818386316
0.8464230895042419 0.13846494257450104 0.0008476985967718065 0.0004987239371985197 0.0006359228282235563 0.003379448316991329 0.0030581331811845303 0.0010965259280055761 0.005595592316240072
0.8257433176040649 0.1562170684337616 0.0009734008344821632 0.0005116714746691287 0.0006539571331813931 0.00346989743411541 0.002740835538133979 0.0009810755727812648 0.008708816021680832
0.7438687682151794 0.227674663066864 0.0014230315573513508 0.0006410466739907861 0.000745809287764132 0.0030791391618549824 0.002630055183544755 0.000904231914319098 0.0190332792699337
0.6898879408836365 0.26601406931877136 0.0018057917477563024 0.0007396053406409919 0.0008146688342094421 0.0030444287694990635 0.0025314881931990385 0.00085617252625525 0.034305889159440994
0.6497798562049866 0.296528697013855 0.002091019880026579 0.0008203735342249274 0.0008129547932185233 0.002804374322295189 0.002510561840608716 0.0008886990835890174 0.043763477355241776
0.6373515129089355 0.3000440001487732 0.002168814418837428 0.0008029757882468402 0.000837228843010962 0.0031291102059185505 0.0024735541082918644 0.0008883878472261131 0.052304401993751526
0.6089957356452942 0.3160310387611389 0.002424025908112526 0.0008888256270438433 0.0008355423342436552 0.002624988090246916 0.0026728494558483362 0.0009257696219719946 0.06460131704807281
0.6153790354728699 0.312613308429718 0.0023111754562705755 0.000858951942063868 0.0008082299609668553 0.0025296611711382866 0.0029677634593099356 0.0010184176499024034 0.061513520777225494
0.5804141163825989 0.3444124758243561 0.0024569963570684195 0.0008966797613538802 0.0008459391538053751 0.0021483947057276964 0.0033141975291073322 0.0011324473889544606 0.0643787682056427
0.2672067880630493 0.71466064453125 0.002648855559527874 0.0011376984184607863 0.0010143701219931245 0.0012180134654045105 0.002060787519440055 0.001186565961688757 0.008866279385983944
0.22693860530853271 0.7565469741821289 0.0027246885001659393 0.001200628001242876 0.0010606837458908558 0.001152343349531293 0.001868879422545433 0.0011426915880292654 0.007364482618868351
0.2906070053577423 0.6932709813117981 0.0025655454955995083 0.0012825573794543743 0.0011707983212545514 0.0012807991588488221 0.002237830078229308 0.0012727859430015087 0.006311635486781597
0.15429233014583588 0.831048309803009 0.002854673657566309 0.0012658305931836367 0.001125213224440813 0.000983815174549818 0.001783135929144919 0.0010667730821296573 0.005579896736890078
0.2447320818901062 0.7398445010185242 0.002652914496138692 0.0013127238489687443 0.0012665059184655547 0.0011729171965271235 0.0020148518960922956 0.0012351131299510598 0.00576839130371809
0.16762793064117432 0.8175694942474365 0.0029004320967942476 0.0013232233468443155 0.0011727632954716682 0.0009857462719082832 0.0016714989906176925 0.0010730986250564456 0.00567586300894618
0.10437313467264175 0.8817583322525024 0.002932025585323572 0.0012537792790681124 0.0010728356428444386 0.0007807048386894166 0.0014068939490243793 0.0008747315732762218 0.005547542590647936
0.07854943722486496 0.9083287119865417 0.002746233716607094 0.0012250759173184633 0.0011921192053705454 0.0006496941787190735 0.001308472827076912 0.0007723819580860436 0.005227882880717516
0.0694495439529419 0.9175481796264648 0.0027175694704055786 0.0012414075899869204 0.0013068669941276312 0.0005859742523171008 0.001300753210671246 0.0007125779520720243 0.005137205123901367
0.0318872332572937 0.9564916491508484 0.0026533533819019794 0.0011150550562888384 0.0011609216453507543 0.0004452464054338634 0.001093438477255404 0.000635190459433943 0.004517866298556328
0.023032015189528465 0.9654732346534729 0.002760479459539056 0.0011286432854831219 0.0011392050655558705 0.00039380163070745766 0.0009011686779558659 0.0005388768040575087 0.004632591735571623
0.017524225637316704 0.9708671569824219 0.003009043401107192 0.0011105332523584366 0.0010650993790477514 0.0003639510541688651 0.0007698648842051625 0.0005078607937321067 0.004782205913215876
0.016832908615469933 0.971611499786377 0.0029143658466637135 0.0011115781962871552 0.001091246958822012 0.0003559260512702167 0.0007365492056123912 0.00046603218652307987 0.004879885818809271
0.01340408343821764 0.9734604954719543 0.003380881855264306 0.0011466956930235028 0.0010261331917718053 0.000287131144432351 0.0006785742589272559 0.00043782603461295366 0.006178217940032482
0.012393518351018429 0.9748554825782776 0.003451480297371745 0.001234187395311892 0.0010781941236928105 0.00027662195498123765 0.000651806010864675 0.00046081881737336516 0.005598009098321199
0.013900083489716053 0.9730028510093689 0.00353572447784245 0.0012651310535147786 0.0011097637470811605 0.000277914572507143 0.0005937109817750752 0.00042843306437134743 0.005886304657906294
0.011073915287852287 0.9761114120483398 0.0036996009293943644 0.0013165820855647326 0.0011115826200693846 0.00026744671049527824 0.0005343478987924755 0.0004139898519497365 0.005471156444400549
0.0077009499073028564 0.9790967106819153 0.003853944595903158 0.0013481318019330502 0.0011242202017456293 0.00024264831154141575 0.0005139320273883641 0.00040506524965167046 0.005714409053325653
0.00760845048353076 0.978822648525238 0.004002288915216923 0.0013766775373369455 0.0011354101588949561 0.0002357344055781141 0.000498477544169873 0.00040516778244636953 0.005915154702961445
0.005822737235575914 0.9801565408706665 0.004208921920508146 0.0014318203320726752 0.001132976496592164 0.00022055074805393815 0.0005160954897291958 0.0003958806046284735 0.006114480085670948
0.005218408070504665 0.9796593189239502 0.004324236419051886 0.0013703329022973776 0.001144729438237846 0.0002204735646955669 0.00046887731878086925 0.0003543226339388639 0.007239343598484993
0.004976778291165829 0.9798625111579895 0.0043784249573946 0.0013705629389733076 0.0011436044005677104 0.00022388924844563007 0.0004303333116695285 0.0003388607583474368 0.007275041658431292
0.0053985449485480785 0.9791271090507507 0.004632243886590004 0.0014812800800427794 0.0011380218202248216 0.00021537806605920196 0.0004262469301465899 0.00032570373150520027 0.007255549542605877
0.004439056850969791 0.9797338843345642 0.00454476336017251 0.0013891758862882853 0.001205176580697298 0.00022060224728193134 0.0004033620352856815 0.0003152940480504185 0.0077486843802034855
0.004330500494688749 0.980118989944458 0.0045987023040652275 0.0014488326851278543 0.0012187055544927716 0.00021474117238540202 0.00041697718552313745 0.0003236887278035283 0.0073288739658892155
0.0038276100531220436 0.9799191951751709 0.004926957655698061 0.0015517589636147022 0.0011864617699757218 0.0002031526091741398 0.0004324111214373261 0.0003534189017955214 0.00759907765313983
0.003914138302206993 0.9802405834197998 0.004863258451223373 0.0015915115363895893 0.0011942468117922544 0.0002046672598225996 0.00043271674076095223 0.0003571479464881122 0.007201756816357374
0.004384065978229046 0.980816662311554 0.004599110689014196 0.0015622300561517477 0.001223645405843854 0.00022012733097653836 0.00041474876343272626 0.0003446368791628629 0.006434677634388208
0.004277116619050503 0.9812131524085999 0.004596244543790817 0.0015506208874285221 0.0012055868282914162 0.00022822133905719966 0.00039355774060823023 0.00034283220884390175 0.006192616652697325
0.0044641438871622086 0.9815376996994019 0.00458314036950469 0.0015849426854401827 0.0012108373921364546 0.0002378318749833852 0.0003812831128016114 0.0003431939403526485 0.005656809080392122
0.004013798665255308 0.9810179471969604 0.004897699691355228 0.0015819446416571736 0.0011320039629936218 0.00023885829432401806 0.00036018676473759115 0.00033283300581388175 0.006424779072403908
0.0027573183178901672 0.980562150478363 0.0047159940004348755 0.0015557046281173825 0.0009020800935104489 0.0002402295940555632 0.0004150874447077513 0.00034212606260553 0.008509372361004353
0.002239970490336418 0.9800973534584045 0.004928290378302336 0.0016248089959844947 0.0007877342286519706 0.0002674521238077432 0.00040189980063587427 0.0003138872270938009 0.009338677860796452
0.0021500547882169485 0.9798641204833984 0.0050377571024000645 0.001652669277973473 0.0007823974592611194 0.00026957402587868273 0.0003887441707774997 0.00031670904718339443 0.009537930600345135
0.0020311828702688217 0.9792378544807434 0.005113597493618727 0.0016567582497373223 0.0007709419005550444 0.0002751701686065644 0.00037113993312232196 0.00029775980510748923 0.010245606303215027
0.001988633070141077 0.9795451164245605 0.004973764531314373 0.0016245562583208084 0.0007682970608584583 0.00028189903241582215 0.00037406847695820034 0.00031247601145878434 0.010131283663213253
0.0019590212032198906 0.97889244556427 0.004918745253235102 0.001615408924408257 0.0007556730415672064 0.0002884377317968756 0.0003663257521111518 0.00032163472496904433 0.010882356204092503
0.0019719102419912815 0.97905433177948 0.004893871024250984 0.0015953542897477746 0.0007593732443638146 0.0002871624019462615 0.00038184993900358677 0.0003497196303214878 0.010706393048167229
0.002427580999210477 0.9823910593986511 0.004611392039805651 0.0015767342410981655 0.0008327526738867164 0.0002977393742185086 0.00034603121457621455 0.0003361249400768429 0.00718054361641407
0.002704860409721732 0.9832611680030823 0.00431747455149889 0.0015432540094479918 0.0008653118275105953 0.00030361098470166326 0.0003424131136853248 0.00033426505979150534 0.006327684503048658
0.00239688903093338 0.9815991520881653 0.004524723161011934 0.0015078093856573105 0.0008470370667055249 0.0002821237430907786 0.000369777757441625 0.000327800604281947 0.008144636638462543
0.0025380360893905163 0.9779441952705383 0.0048175775445997715 0.0015076777199283242 0.0007083704113028944 0.00030486134346574545 0.00032230032957158983 0.0002880544925574213 0.011568974703550339
0.0022289881017059088 0.9780965447425842 0.005041175521910191 0.0015009434428066015 0.0007181903347373009 0.0003168388793710619 0.0003233909956179559 0.00032137444941326976 0.011452557519078255
0.0021997520234435797 0.9758804440498352 0.00489320931956172 0.0013854021672159433 0.000745276571251452 0.0003314051136840135 0.00031599804060533643 0.0003105173527728766 0.013937927782535553
0.0023312759585678577 0.9769848585128784 0.004721241071820259 0.0013327838387340307 0.0007555055781267583 0.000345799169735983 0.00030784745467826724 0.00029810407431796193 0.0129225580021739
0.0025447302032262087 0.9773903489112854 0.004621205851435661 0.0013238006504252553 0.0007380885072052479 0.0003554912400431931 0.00030586248612962663 0.00029161901329644024 0.012428867630660534
0.0024555930867791176 0.9763246774673462 0.004696572665125132 0.0013533250894397497 0.0007182414992712438 0.0003658446075860411 0.0003201129147782922 0.00029821813222952187 0.013467433862388134
0.002436017617583275 0.9765672087669373 0.004363134037703276 0.0012559070019051433 0.0007435940788127482 0.00040810497011989355 0.0003096357686445117 0.0002830380981322378 0.013633391819894314
0.0023969882167875767 0.9732503294944763 0.004619562532752752 0.0012873683590441942 0.000747864309232682 0.00040534534491598606 0.0003211825678590685 0.00027668371330946684 0.01669468730688095
0.001757997553795576 0.975077211856842 0.005186367314308882 0.0015388703905045986 0.0008356960606761277 0.0003406094037927687 0.000283323519397527 0.0002635451382957399 0.014716418460011482
0.0015474375104531646 0.9745573997497559 0.006761237047612667 0.0019142822129651904 0.0008672981639392674 0.00028378021670505404 0.0003124829090666026 0.000452831678558141 0.01330324076116085
0.0015781335532665253 0.9755533933639526 0.006648404989391565 0.001875310786999762 0.001002260483801365 0.00028290177579037845 0.0002883241977542639 0.0003646946279332042 0.012406525202095509
0.0016019839094951749 0.9759889841079712 0.007260968908667564 0.002146384445950389 0.0008461177931167185 0.000286558031802997 0.0003065825148951262 0.0004550287558231503 0.01110735535621643
0.001260272110812366 0.9722667932510376 0.008231325075030327 0.002277590101584792 0.0009618778713047504 0.00028850254602730274 0.0003239900106564164 0.0005112525541335344 0.01387837901711464
0.001232253503985703 0.9702455401420593 0.008187294006347656 0.0020978825632482767 0.0009258874924853444 0.0003158027247991413 0.0003038085123989731 0.0005036767688579857 0.016187844797968864
0.0013163804542273283 0.9663704633712769 0.009381254203617573 0.002231354359537363 0.0007932281587272882 0.00033543488825671375 0.0003048951621167362 0.0005339336348697543 0.01873299852013588
0.0012816917151212692 0.9579702019691467 0.011962871067225933 0.002512596547603607 0.0007603849517181516 0.00036043833824805915 0.00028747314354404807 0.0006246010307222605 0.02423977293074131
0.0013771540252491832 0.9559946060180664 0.01188031118363142 0.002344638342037797 0.0007418979075737298 0.00038962281541898847 0.0002851797908078879 0.0006258761277422309 0.02636067382991314
0.0014280729228630662 0.9507733583450317 0.012515886686742306 0.002383491024374962 0.0008272145059891045 0.00036155630368739367 0.00027601755573414266 0.0005730119301006198 0.030861306935548782
0.0015881008002907038 0.952366828918457 0.011653006076812744 0.0022540597710758448 0.000857738486956805 0.0003534191637299955 0.0003016909467987716 0.0005988908233121037 0.030026281252503395
0.0014684598427265882 0.9523096084594727 0.010615193285048008 0.0019268587930127978 0.0009742571855895221 0.00038990809116512537 0.00032669963547959924 0.0006272273603826761 0.031361743807792664
0.0014694399433210492 0.9258114099502563 0.016677172854542732 0.0031497282907366753 0.0008756444440223277 0.0003374773950781673 0.0003589910629671067 0.0005011407774873078 0.05081889405846596
0.0014853373868390918 0.9272798895835876 0.019461696967482567 0.0035649624187499285 0.0010209319880232215 0.0003145695955026895 0.00032816172461025417 0.0004459691699594259 0.04609845206141472
0.0016438908642157912 0.9380151033401489 0.019931992515921593 0.0036943601444363594 0.0009617116302251816 0.00026957326917909086 0.0002833589387591928 0.00042062977445311844 0.034779369831085205
0.0017056643264368176 0.9277385473251343 0.025765439495444298 0.004302846267819405 0.0009906385093927383 0.00027994977426715195 0.00028044707141816616 0.0005076252273283899 0.03842894360423088
0.0018667844124138355 0.9159120917320251 0.031208451837301254 0.004890854004770517 0.0010581067763268948 0.0002585648326203227 0.000347540044458583 0.0005524072330445051 0.04390523582696915
0.002114552538841963 0.9088044762611389 0.03626944124698639 0.005683658178895712 0.0009703115792945027 0.0002611239324323833 0.0003626522666309029 0.0006561332265846431 0.04487760737538338
0.002305863192304969 0.8803229331970215 0.04935077950358391 0.006903361063450575 0.0009758151136338711 0.0002713613212108612 0.00039133167592808604 0.0007420842885039747 0.0587364137172699
0.0025576315820217133 0.8220341801643372 0.0707111731171608 0.008512220345437527 0.0010265097953379154 0.0002880108368117362 0.0004765108460560441 0.0007864041836000979 0.0936073586344719
0.002985541243106127 0.7564142346382141 0.08325755596160889 0.008235182613134384 0.0010357375722378492 0.0003294460766483098 0.0005123245064169168 0.0008642887114547193 0.1463656723499298
0.0031863271724432707 0.63899165391922 0.09651613235473633 0.0087963305413723 0.0010873284190893173 0.0003653575840871781 0.0005540292477235198 0.0009136370499618351 0.2495892345905304
0.003303895704448223 0.5310152769088745 0.09791575372219086 0.008341528475284576 0.0010882749920710921 0.00036910033668391407 0.0006288423319347203 0.001024339348077774 0.356313019990921
0.003772358875721693 0.4185900390148163 0.10943441838026047 0.009325469844043255 0.0008752154535613954 0.0003961138427257538 0.0005507079767994583 0.00105810328386724 0.4559975266456604
0.0034322093706578016 0.688038170337677 0.07860130071640015 0.008557307533919811 0.0009043982718139887 0.0004788203223142773 0.0003451485245022923 0.0006142970523796976 0.2190283089876175
0.002703034086152911 0.7268807291984558 0.09576789289712906 0.009979162365198135 0.0009413485531695187 0.000537268293555826 0.0003095901047345251 0.0005521224811673164 0.162328839302063
0.002549129771068692 0.6762905120849609 0.13307462632656097 0.013568275608122349 0.0009450140642002225 0.0005139083950780332 0.00032285525230690837 0.0005763671942986548 0.17215938866138458
0.002292610937729478 0.5289331674575806 0.2144017368555069 0.020105132833123207 0.000937421340495348 0.0005594838876277208 0.00034228008007630706 0.0006546821095980704 0.2317734807729721
0.0020163278095424175 0.4587598443031311 0.2960279881954193 0.02889128029346466 0.0008666644571349025 0.0005741584463976324 0.000310378527501598 0.0006728117587044835 0.21188056468963623
0.0020228689536452293 0.4351542592048645 0.2929309904575348 0.028804143890738487 0.0008906677830964327 0.0005313770961947739 0.00032539572566747665 0.0006121972110122442 0.23872801661491394
0.0017175069078803062 0.32021281123161316 0.2878771722316742 0.028981218114495277 0.0008707937086001039 0.000493244850076735 0.0003205986286047846 0.0005674593267031014 0.3589591383934021
0.0009983578929677606 0.2123848795890808 0.6003090143203735 0.039656057953834534 0.0007196926744654775 0.00030600224272347987 0.00031762730213813484 0.0005962419672869146 0.14471213519573212
0.0004255898529663682 0.07027093321084976 0.845337450504303 0.028015682473778725 0.0005242722691036761 0.00028705893782898784 0.0001845717488322407 0.0004220942792017013 0.05453234165906906
0.00019357644487172365 0.01979956403374672 0.9364174008369446 0.021396370604634285 0.00039147507050074637 0.0002060580882243812 0.00012728960427921265 0.0003372644423507154 0.021131018176674843
0.00014317654131446034 0.01131332479417324 0.9550294280052185 0.01911788247525692 0.00036081636790186167 0.00020610305364243686 0.00011356059985700995 0.000313154305331409 0.013402585871517658
0.0001371202670270577 0.009609398432075977 0.9598161578178406 0.01827997900545597 0.0003796350792981684 0.00020001230586785823 0.00011157083645230159 0.0003018310817424208 0.01116423774510622
0.00013467382814269513 0.00900441687554121 0.9608417749404907 0.018060345202684402 0.0003469449875410646 0.00019334122771397233 0.00011239420564379543 0.00029697027639485896 0.01100916787981987
0.00013620656682178378 0.007861114107072353 0.963939905166626 0.017312422394752502 0.00032520422246307135 0.00020194439275655895 0.00010889056284213439 0.0003175314050167799 0.009796748869121075
0.0001278144627576694 0.006973021198064089 0.966475784778595 0.017703596502542496 0.00032182602444663644 0.00019667463493533432 9.79072938207537e-05 0.00031024086638353765 0.007793074939399958
0.00012378874816931784 0.005970445927232504 0.9683599472045898 0.019467443227767944 0.0002833195903804153 0.00017033149197231978 9.146353113465011e-05 0.00029465186526067555 0.005238601937890053
0.00011574495147215202 0.005220139864832163 0.9697997570037842 0.01966722309589386 0.0002900446706917137 0.0001701089204289019 9.048341598827392e-05 0.0002892585180234164 0.004357241094112396
0.00011586838081711903 0.005097714252769947 0.9702352285385132 0.019684750586748123 0.00030360082746483386 0.00016998140199575573 9.235296602128074e-05 0.0003018291317857802 0.003998771775513887
0.0001126748975366354 0.004980022087693214 0.9699438810348511 0.02035023644566536 0.0002834659826476127 0.0001597942755324766 8.833409083308652e-05 0.00029791812994517386 0.0037836888805031776
0.00011524901492521167 0.0048078736290335655 0.9704636335372925 0.02019798755645752 0.00029192963847890496 0.0001597511291038245 8.977982361102477e-05 0.00030483349109999835 0.0035690057557076216
0.0001208548856084235 0.004934763070195913 0.9707381129264832 0.01971598155796528 0.00030228091054596007 0.00016803460312075913 9.26198044908233e-05 0.00032847534748725593 0.003599008545279503
0.00012872336083091795 0.00493433466181159 0.9712696075439453 0.01930386573076248 0.00032039135112427175 0.00018392721540294588 9.266503184335306e-05 0.0003513167321216315 0.0034151473082602024
0.00012925287592224777 0.00456216698512435 0.9720735549926758 0.01900431700050831 0.000326606968883425 0.00019622420950327069 9.469563519814983e-05 0.00037070491816848516 0.0032424163073301315
0.0001296002883464098 0.004187283106148243 0.9730119109153748 0.018546590581536293 0.00034233543556183577 0.00020939209207426757 9.904820763040334e-05 0.0003827203472610563 0.0030910796485841274
0.0001296666741836816 0.004234177526086569 0.972969114780426 0.018364418298006058 0.0003278982767369598 0.00020388442499097437 9.881468577077612e-05 0.00039686437230557203 0.0032751387916505337
0.00013494653103407472 0.003952182829380035 0.9738308191299438 0.017816027626395226 0.0003393807855900377 0.00022242683917284012 9.81249613687396e-05 0.0003967967350035906 0.0032092940527945757
0.00013696747191715986 0.004191274289041758 0.9739635586738586 0.01720704324543476 0.00037209450965747237 0.00023372925352305174 0.0001018414186546579 0.00040658938814885914 0.0033869058825075626
0.00014742655912414193 0.0043698507361114025 0.9737966060638428 0.017315998673439026 0.00038175718509592116 0.00023675047850701958 0.00010480861965334043 0.0004486269608605653 0.003198168473318219
0.00014905612624716014 0.0041990759782493114 0.974209725856781 0.01703045703470707 0.0003870925575029105 0.0002473756321705878 0.00010085670510306954 0.000446132238721475 0.0032303922343999147
0.00014390597061719745 0.0041945576667785645 0.9741281270980835 0.017056824639439583 0.0003817069227807224 0.0002590544754639268 9.008884808281437e-05 0.0004107349959667772 0.0033349778968840837
0.00012487034837249666 0.003766666166484356 0.9744976162910461 0.017255986109375954 0.0003919204755220562 0.00024442249559797347 8.8886110461317e-05 0.0003988275129813701 0.0032307938672602177
0.00012199786579003558 0.0035611812490969896 0.9742932319641113 0.017994258552789688 0.00036072387592867017 0.0002300641208421439 8.114527008729056e-05 0.0003744455170817673 0.002982957987114787
0.00010737289994722232 0.0030871813651174307 0.9746085405349731 0.018461856991052628 0.00036241012276150286 0.00021740533702541143 8.103060827124864e-05 0.0003671051817946136 0.0027070664800703526
0.00010096401820192114 0.0028589600697159767 0.9749830365180969 0.018327347934246063 0.00037541636265814304 0.0002277808089274913 7.372609252342954e-05 0.0003322219417896122 0.0027206186205148697
0.0001048532358254306 0.002716965740546584 0.9750170707702637 0.01857265830039978 0.0003540697507560253 0.00022159273794386536 7.188117160694674e-05 0.0003362876595929265 0.002604688750579953
0.00010218370880465955 0.0025034246500581503 0.9752065539360046 0.018777072429656982 0.0003497017896734178 0.00021408933389466256 7.251855276990682e-05 0.0003260897356085479 0.002448276150971651
9.937261347658932e-05 0.002416798146441579 0.975583553314209 0.018503539264202118 0.00037530920235440135 0.0002179934090236202 7.506899419240654e-05 0.00032274844124913216 0.002405685605481267
9.95636364677921e-05 0.002320139901712537 0.9757517576217651 0.018458165228366852 0.0003817785473074764 0.00022305312450043857 7.47355297789909e-05 0.0003193927987013012 0.002371366135776043
9.822717402130365e-05 0.0022373294923454523 0.975613534450531 0.01885700598359108 0.0003818149270955473 0.00022227644512895495 7.372341497102752e-05 0.0003172745055053383 0.002198840957134962
9.935689740814269e-05 0.002134382026270032 0.9753818511962891 0.019316429272294044 0.0003755855141207576 0.00022566464031115174 6.928665970917791e-05 0.00030751360463909805 0.0020898361690342426
9.888647036859766e-05 0.0020121317356824875 0.9750177264213562 0.020026782527565956 0.0003527493099682033 0.00022644471027888358 6.652632873738185e-05 0.0002971111680381 0.0019017172744497657
9.822543506743386e-05 0.001978106563910842 0.9749879240989685 0.02018023282289505 0.00035634980304166675 0.000230465637287125 6.744550773873925e-05 0.00030456212698481977 0.0017968009924516082
9.991505066864192e-05 0.0018161253537982702 0.9744884371757507 0.021061329171061516 0.0003478645230643451 0.00022445627837441862 6.6989021433983e-05 0.0003053857071790844 0.001589456689544022
0.0001040223432937637 0.001807400374673307 0.9746187329292297 0.020960364490747452 0.00035229744389653206 0.00023444478574674577 6.666062836302444e-05 0.0003038944851141423 0.001552118337713182
9.87682506092824e-05 0.0015935174887999892 0.9744921922683716 0.021418387070298195 0.0003293757326900959 0.0002177491260226816 6.812764331698418e-05 0.00029605376766994596 0.001485885470174253
9.526962094241753e-05 0.001456042635254562 0.9725627899169922 0.023806678131222725 0.0002968974586110562 0.00019268978212494403 6.178436160553247e-05 0.0002830347220879048 0.0012448012130334973
8.81044688867405e-05 0.0013741709990426898 0.9717118740081787 0.02485017105937004 0.0002798085624817759 0.00018379330867901444 5.999882341711782e-05 0.0002664897183421999 0.001185540109872818
8.883008558768779e-05 0.0012936705024912953 0.971232533454895 0.025478575378656387 0.0002802276867441833 0.00017440867668483406 6.232673331396654e-05 0.0002756772446446121 0.0011139073176309466
7.315380935324356e-05 0.0010057748295366764 0.9651222229003906 0.032296281307935715 0.0002240272588096559 0.0001271114160772413 5.677086301147938e-05 0.00024235232558567077 0.0008522450225427747
7.030897540971637e-05 0.0008736014133319259 0.959227979183197 0.038538720458745956 0.00019245992007199675 0.00011173804523423314 5.525703090825118e-05 0.0002282137720612809 0.0007017191965132952
6.852114165667444e-05 0.0007636733935214579 0.9420930743217468 0.05607357248663902 0.0001512325688963756 8.864445408107713e-05 5.327899270923808e-05 0.00021088591893203557 0.0004970841109752655
6.21112558292225e-05 0.0005985709140077233 0.9090588688850403 0.08944498002529144 0.0001253880182048306 7.569192530354485e-05 5.4388448916142806e-05 0.00019337957201059908 0.0003866861225105822
6.094811760704033e-05 0.000618514372035861 0.9130901098251343 0.08539068698883057 0.0001285030593862757 7.975657354108989e-05 5.019799937144853e-05 0.00018390562036074698 0.0003974180144723505
5.525187953026034e-05 0.0004954180330969393 0.8592990636825562 0.13937819004058838 0.00011396734043955803 6.410394416889176e-05 5.402903479989618e-05 0.0001681508292676881 0.00037186805275268853
6.48576024104841e-05 0.00046303283306770027 0.761644721031189 0.23707813024520874 0.00010105906403623521 7.166741852415726e-05 5.81456879444886e-05 0.00015330557653214782 0.00036512964288704097
6.233590829651803e-05 0.0004301175940781832 0.7417470216751099 0.2569933831691742 0.00010496922914171591 6.926459900569171e-05 6.402618600986898e-05 0.00015544577036052942 0.0003733946941792965
6.323905836325139e-05 0.0004185660509392619 0.7342215180397034 0.2645246386528015 0.0001087313357857056 7.213068602140993e-05 6.529092934215441e-05 0.00016481365310028195 0.00036107070627622306
6.563618080690503e-05 0.00039742744411341846 0.7036962509155273 0.29505473375320435 0.00011317232565488666 7.326716149691492e-05 6.944062624825165e-05 0.00016767341003287584 0.00036242217174731195
7.02010584063828e-05 0.0004121697857044637 0.6804841160774231 0.318248450756073 0.00011447506403783336 7.777169230394065e-05 7.00767122907564e-05 0.0001663353032199666 0.00035642730654217303
6.833944644313306e-05 0.00040994223672896624 0.6691910028457642 0.3295321762561798 0.00011590468784561381 7.528307469328865e-05 7.099477807059884e-05 0.00016322018927894533 0.0003730994649231434
6.758397648809478e-05 0.0003999686159659177 0.6538150906562805 0.34491080045700073 0.00011379510397091508 7.535835902672261e-05 7.43979835533537e-05 0.00016395904822275043 0.000378994649508968
7.157555955927819e-05 0.0003986647934652865 0.634680449962616 0.36403313279151917 0.00011222475586691871 7.542961975559592e-05 7.815283606760204e-05 0.0001662858558120206 0.0003840856661554426
7.17198709025979e-05 0.00038732189568690956 0.6259458065032959 0.37277811765670776 0.00011458268272690475 7.78290705056861e-05 8.077998791122809e-05 0.00016758991114329547 0.0003761698608286679
7.062433724058792e-05 0.00038905261317268014 0.6264630556106567 0.37226176261901855 0.00011391697626095265 7.737628766335547e-05 7.915179594419897e-05 0.0001637961104279384 0.0003812435897998512
6.879078136989847e-05 0.00038047111593186855 0.6241493821144104 0.3745785355567932 0.00011356250615790486 7.604039274156094e-05 8.156114927260205e-05 0.0001630551996640861 0.0003886279300786555
7.174562779255211e-05 0.0003769865143112838 0.6168249845504761 0.381898432970047 0.00011130837083328515 7.730079960310832e-05 8.429894660366699e-05 0.0001661317073740065 0.0003888691426254809
6.347008456941694e-05 0.0003671275917440653 0.6260370016098022 0.3727019429206848 0.00011786686081904918 7.486339018214494e-05 8.337290637427941e-05 0.0001631891936995089 0.00039114514947868884
6.241894152481109e-05 0.00036302467924542725 0.619576632976532 0.3791581094264984 0.00012027975753881037 7.330212974920869e-05 8.490846084896475e-05 0.00016059410700108856 0.00040061588515527546
6.34883253951557e-05 0.0003700789238791913 0.6114860773086548 0.3872334659099579 0.00011542950960574672 7.334851397899911e-05 8.354667079402134e-05 0.00015854630328249186 0.00041603815043345094
6.406788452295586e-05 0.00036399863893166184 0.6016274094581604 0.3970896601676941 0.00011966272722929716 7.321981684071943e-05 8.550318307243288e-05 0.00015710988373029977 0.0004193912318442017
6.533502892125398e-05 0.0003739624808076769 0.596781313419342 0.40192872285842896 0.00011860526137752458 7.701168215135112e-05 8.404960681218654e-05 0.0001574683265062049 0.0004135129856877029
6.338070670608431e-05 0.0003713199985213578 0.595975935459137 0.40273383259773254 0.00011752098362194374 7.640194962732494e-05 8.359896310139447e-05 0.00015711698506493121 0.00042082933941856027
6.767938612028956e-05 0.0003695923078339547 0.5847356915473938 0.4139585494995117 0.00010996317723765969 7.737090345472097e-05 8.244135824497789e-05 0.00015741465904284269 0.0004412273701746017
6.827180914115161e-05 0.00037004807381890714 0.5848671793937683 0.4138220250606537 0.00010459726763656363 7.876163726905361e-05 8.047332084970549e-05 0.00015632268332410604 0.0004523778334259987
6.86795829096809e-05 0.00036519431159831583 0.5783087015151978 0.42037898302078247 0.00010666364687494934 8.02657741587609e-05 8.133415394695476e-05 0.00015773293853271753 0.000452456675702706
6.539804599015042e-05 0.0003526661894284189 0.5723273158073425 0.4263633191585541 0.00011232158431084827 7.811855903128162e-05 8.67943890625611e-05 0.0001610257022548467 0.00045304789091460407
6.917324208188802e-05 0.00036274909507483244 0.5693179368972778 0.42936334013938904 0.00010869274410651997 8.155436080414802e-05 8.292750135296956e-05 0.0001575056667206809 0.00045615172712132335
7.080458453856409e-05 0.000359096797183156 0.5642138719558716 0.4344674050807953 0.00010917717008851469 8.289546531159431e-05 8.420619269600138e-05 0.00016040982154663652 0.0004520532093010843
7.142933463910595e-05 0.00035615128581412137 0.5607007741928101 0.4379814863204956 0.00011031110625481233 8.381820953218266e-05 8.50565847940743e-05 0.00016107122064568102 0.00044989166781306267
7.110740261850879e-05 0.0003555105649866164 0.5555136799812317 0.4431628882884979 0.00011165394971612841 8.47291448735632e-05 8.560535206925124e-05 0.00015895928663667291 0.00045578862773254514
7.11399843567051e-05 0.00036447177990339696 0.5538550019264221 0.4448131024837494 0.00011244699271628633 8.675120625412092e-05 8.446052379440516e-05 0.00015837345563340932 0.000454273889772594
7.235015800688416e-05 0.0003638887719716877 0.5518795847892761 0.4467869997024536 0.0001118025611503981 8.822618838166818e-05 8.422366954619065e-05 0.00015672451991122216 0.00045624951599165797
7.133464532671496e-05 0.0003595452581066638 0.5493380427360535 0.44932490587234497 0.00011287647066637874 8.763398363953456e-05 8.617707499070093e-05 0.00015826133312657475 0.0004612427728716284
7.142067624954507e-05 0.00036824759445153177 0.5485395789146423 0.450114369392395 0.00011289754183962941 8.832793537294492e-05 8.543013245798647e-05 0.00015813409117981791 0.0004617027298081666
6.991838017711416e-05 0.0003741606487892568 0.5469554662704468 0.45169317722320557 0.00011507941235322505 8.868544682627544e-05 8.636929851491004e-05 0.00015892200462985784 0.00045822231913916767
7.089620339684188e-05 0.0003846606414299458 0.5489564538002014 0.44968149065971375 0.00011103012366220355 9.091601532418281e-05 8.346122194780037e-05 0.00015694802277721465 0.000464148644823581
7.08559455233626e-05 0.0003854479000438005 0.5485316514968872 0.4501018822193146 0.0001117378196795471 9.176560706691816e-05 8.292934217024595e-05 0.00015530311793554574 0.0004684558662120253
6.997278251219541e-05 0.0003852860536426306 0.5502272248268127 0.44841498136520386 0.00011567959882086143 9.337648953078315e-05 8.3887942309957e-05 0.00015885269385762513 0.0004507428384386003
7.134545739972964e-05 0.00038927100831642747 0.5492038726806641 0.4494263827800751 0.00011550178896868601 9.151236736215651e-05 8.241538307629526e-05 0.00015195473679341376 0.00046769576147198677
7.177887891884893e-05 0.00039807966095395386 0.548715353012085 0.44990769028663635 0.00011484560673125088 9.286724525736645e-05 8.183595491573215e-05 0.00015061168232932687 0.00046698906226083636
6.837372347945347e-05 0.0003985697403550148 0.5535659193992615 0.4450647532939911 0.0001170922550954856 9.264428808819503e-05 8.249066740972921e-05 0.0001540812518214807 0.00045607099309563637
6.685464904876426e-05 0.00039710543933324516 0.5529209971427917 0.4457035958766937 0.00011956710659433156 8.852097380440682e-05 8.393187454203144e-05 0.00015052140224725008 0.0004689783090725541
6.924529589014128e-05 0.0004010464472230524 0.5512478351593018 0.44736555218696594 0.00011549013288458809 8.958802209235728e-05 8.245698700193316e-05 0.0001479404018027708 0.0004808538651559502
6.694829789921641e-05 0.00040343316504731774 0.553595781326294 0.445017009973526 0.00011716380686266348 8.932285709306598e-05 8.185274782590568e-05 0.00014740831102244556 0.00048107324982993305
6.908573413966224e-05 0.00040615827310830355 0.5511831045150757 0.4474201798439026 0.00011472903861431405 8.962467836681753e-05 8.062841516220942e-05 0.0001455248857382685 0.0004910044372081757
6.785081495763734e-05 0.0004062667430844158 0.5494139790534973 0.44918394088745117 0.00011764022201532498 8.777918264968321e-05 8.205095946323127e-05 0.00014613904932048172 0.0004942853702232242
6.978685996728018e-05 0.0004161304095759988 0.5505768656730652 0.4480145275592804 0.0001137541767093353 9.013502858579159e-05 7.885708328103647e-05 0.00014219545118976384 0.0004977249773219228
6.673113239230588e-05 0.0004148950392846018 0.5503106713294983 0.44827795028686523 0.00011608708155108616 8.681503823027015e-05 8.139418059727177e-05 0.00014436292985919863 0.0005010143504478037
6.951284012757242e-05 0.0004270198696758598 0.5499621629714966 0.4486178457736969 0.00011362609075149521 8.954997610999271e-05 7.83848445280455e-05 0.00014205253683030605 0.0004998790100216866
6.740532990079373e-05 0.00042076996760442853 0.5476676225662231 0.4509158134460449 0.00011728540994226933 8.73999233590439e-05 8.087589958449826e-05 0.00014500202087219805 0.0004977908101864159
6.588245742022991e-05 0.00042162658064626157 0.5507290363311768 0.4478618800640106 0.00011809533316409215 8.740502380533144e-05 8.136638643918559e-05 0.00014603565796278417 0.0004886632086709142
6.83771213516593e-05 0.0004402697959449142 0.5485408306121826 0.4500214159488678 0.00011379683564882725 8.764343510847539e-05 7.846012158552185e-05 0.00014061041292734444 0.000508603174239397
6.915641279192641e-05 0.00043944307253696024 0.5449197292327881 0.4536493718624115 0.00011706589430104941 9.142167982645333e-05 7.908432598924264e-05 0.00014341161295305938 0.0004913640441372991
6.629357085330412e-05 0.00044134349445812404 0.5453343391418457 0.4532327651977539 0.00011905177234439179 8.69656796567142e-05 8.192927634809166e-05 0.00014186601038090885 0.0004954308969900012
6.704789120703936e-05 0.00044727828935720026 0.542392909526825 0.45615774393081665 0.00011801212531281635 8.62612432683818e-05 8.303387585328892e-05 0.00013896131713408977 0.0005087836761958897
6.81511010043323e-05 0.0004579554370138794 0.5396350622177124 0.45890071988105774 0.00011721584451152012 8.738081669434905e-05 8.122263534460217e-05 0.0001353246479993686 0.0005169194773770869
6.91938039381057e-05 0.0004657076788134873 0.5363706946372986 0.4621637463569641 0.00011834836914204061 8.94466502359137e-05 8.1244608736597e-05 0.0001369514939142391 0.0005046899314038455
7.096473564160988e-05 0.0004711000947281718 0.5361462831497192 0.46239110827445984 0.00011550744966370985 9.510458767181262e-05 8.073153730947524e-05 0.00014070633915252984 0.000488509947899729
7.087228004820645e-05 0.00046764471335336566 0.5330897569656372 0.46545079350471497 0.00011387155973352492 9.459478314965963e-05 8.159450226230547e-05 0.00014417189231608063 0.00048667413648217916
6.89609587425366e-05 0.0004531124432105571 0.535071611404419 0.4634768068790436 0.00011513398931128904 9.161624620901421e-05 8.228301885537803e-05 0.00014083269343245775 0.0004996294155716896
6.645968096563593e-05 0.0004482197400648147 0.5354429483413696 0.4630994200706482 0.0001121872483054176 9.242768283002079e-05 8.21782014099881e-05 0.00014133246440906078 0.0005148663185536861
6.628128903685138e-05 0.0004371091490611434 0.5362445116043091 0.46229612827301025 0.00011396726040402427 9.246706758858636e-05 8.294331200886518e-05 0.00013745581964030862 0.0005290970439091325
6.9027955760248e-05 0.0004235088999848813 0.5304133296012878 0.468148797750473 0.00011476762301754206 9.410226630279794e-05 8.582936425227672e-05 0.00014111128984950483 0.0005095839151181281
6.406445754691958e-05 0.00042955466778948903 0.5353465676307678 0.4631892144680023 0.000117310177301988 8.791122672846541e-05 8.253014675574377e-05 0.00013564528489951044 0.0005472167395055294
6.379067053785548e-05 0.0004412071721162647 0.5392100214958191 0.4592799246311188 0.00011299571633571759 8.510611951351166e-05 7.801416359143332e-05 0.00012740364763885736 0.0006015017861500382
6.244928954401985e-05 0.00043826387263834476 0.5398864150047302 0.4586033523082733 0.00011412218736950308 8.279950270662084e-05 7.790735980961472e-05 0.00012682232772931457 0.0006078488077037036
6.181588832987472e-05 0.00044393682037480175 0.5456331372261047 0.4528544247150421 0.00011047516454709694 8.425895066466182e-05 7.503907545469701e-05 0.0001268921623704955 0.0006100020254962146
6.312834739219397e-05 0.0004230542399454862 0.5408080220222473 0.457695335149765 0.00011018203076673672 8.526965393684804e-05 7.709534838795662e-05 0.00012821638665627688 0.0006096780998632312
6.339247192954645e-05 0.00040147261461243033 0.5374162793159485 0.4611223638057709 0.00011455873027443886 8.586445619584993e-05 7.952538726385683e-05 0.0001320173469139263 0.0005845782579854131
6.332183693302795e-05 0.000411828572396189 0.5413880348205566 0.45714765787124634 0.00011415455810492858 8.646966307424009e-05 7.854973955545574e-05 0.0001314840919803828 0.0005784605164080858
6.1181461205706e-05 0.0004277073312550783 0.5484517812728882 0.4500489830970764 0.00011141903814859688 8.817409252515063e-05 7.505273242713884e-05 0.0001260864664800465 0.0006096282158978283
6.052960088709369e-05 0.0004385623906273395 0.5490650534629822 0.44941869378089905 0.0001122120811487548 8.711135888006538e-05 7.439612090820447e-05 0.00012639489432331175 0.0006170475971885026
6.165462400531396e-05 0.00043351700878702104 0.5439445972442627 0.4545501470565796 0.00011401528172427788 8.62626766320318e-05 7.548192661488429e-05 0.00012810638872906566 0.0006062705651856959
6.0534788644872606e-05 0.0004513509920798242 0.5472317337989807 0.4512210786342621 0.0001112308818846941 8.546654862584546e-05 7.332544191740453e-05 0.00012374749348964542 0.0006416043033823371
5.929452527198009e-05 0.00045871504698880017 0.5539886951446533 0.4444461166858673 0.0001081345762941055 8.52151497383602e-05 7.010455738054588e-05 0.00011775502207456157 0.0006659228238277137
5.867940853931941e-05 0.00044106325367465615 0.5486721396446228 0.44977983832359314 0.00011187019117642194 8.45064059831202e-05 7.409330282825977e-05 0.0001222560676978901 0.0006555081927217543
5.717939347960055e-05 0.00043624130194075406 0.5514885783195496 0.44696593284606934 0.00011184392496943474 8.63510649651289e-05 7.266899774549529e-05 0.00012034788232995197 0.0006609105039387941
5.303264697431587e-05 0.00042131918598897755 0.5527011752128601 0.4457206428050995 0.00011526928574312478 8.02121139713563e-05 7.315252878470346e-05 0.00011819023347925395 0.000717025832273066
5.571807560045272e-05 0.0004061729705426842 0.5477161407470703 0.45075342059135437 0.0001126734641729854 8.179317956091836e-05 7.64504075050354e-05 0.00012455186515580863 0.0006731056491844356
5.38951026101131e-05 0.0003878087445627898 0.549497127532959 0.448957622051239 0.00011615514813456684 8.275875734398142e-05 7.775326230330393e-05 0.00011945525329792872 0.0007074676104821265
6.048888462828472e-05 0.0003985791699960828 0.5399953126907349 0.458494633436203 0.0001132254910771735 8.710059046279639e-05 7.699996785959229e-05 0.00012257511843927205 0.0006510621169582009
6.0113936342531815e-05 0.00037910696119070053 0.5395588278770447 0.45897042751312256 0.00011914870992768556 8.821467054076493e-05 7.975895277922973e-05 0.0001261085126316175 0.0006183217046782374
5.880484968656674e-05 0.0003710770688485354 0.542500913143158 0.45603910088539124 0.00012082299508620054 8.953936776379123e-05 7.983126124599949e-05 0.00012581300688907504 0.0006140584591776133
6.220644718268886e-05 0.00037069839891046286 0.5407910346984863 0.45777657628059387 0.00011912768968613818 9.369747567689046e-05 7.834490679670125e-05 0.00012761985999532044 0.0005806697881780565
6.256323831621557e-05 0.0003597629547584802 0.5398372411727905 0.45875489711761475 0.00012015101674478501 9.503432374913245e-05 8.041303226491436e-05 0.00013121978554408997 0.0005586846964433789
6.146736268419772e-05 0.00035966417635791004 0.5402498245239258 0.4583301246166229 0.00012088673247490078 9.564523497829214e-05 7.97587345005013e-05 0.0001287679624510929 0.0005738602485507727
6.006993498886004e-05 0.0003548272361513227 0.5389618277549744 0.4596182703971863 0.00012227019760757685 9.813252108870074e-05 7.968825229909271e-05 0.00012876895198132843 0.0005761735956184566
5.89213814237155e-05 0.00033465848537161946 0.5308908820152283 0.4676986038684845 0.00012773979688063264 9.71955232671462e-05 8.193009125534445e-05 0.0001348211953882128 0.0005752656143158674
5.860793680767529e-05 0.0003334890934638679 0.5296387672424316 0.46895721554756165 0.0001290338404942304 9.710065933177248e-05 8.205896301660687e-05 0.00013417907757684588 0.0005695254658348858
5.5235810577869415e-05 0.00032077182549983263 0.5335580110549927 0.465045303106308 0.0001347923680441454 9.380680421600118e-05 8.49025382194668e-05 0.00013415655121207237 0.0005730459815822542
5.5209966376423836e-05 0.0003112300473731011 0.5314365029335022 0.4671746790409088 0.0001381087495246902 9.294394840253517e-05 8.711995178600773e-05 0.00013735688116867095 0.0005668141529895365
5.591424269368872e-05 0.0003193111333530396 0.5305190682411194 0.468092143535614 0.00013642296835314482 9.593879076419398e-05 8.610729855718091e-05 0.00013659795513376594 0.0005584339378401637
5.648809019476175e-05 0.0003160773776471615 0.531083345413208 0.46753790974617004 0.00013532579760067165 9.678023343440145e-05 8.582762529840693e-05 0.00013560522347688675 0.0005525982705876231
5.463901470648125e-05 0.0003061426104977727 0.5335723161697388 0.46505042910575867 0.000136042115627788 9.34626514208503e-05 8.832914318190888e-05 0.00013646205479744822 0.0005621877498924732
5.505015724338591e-05 0.0002989509666804224 0.5337400436401367 0.4648946225643158 0.00013722141738981009 9.286894055549055e-05 8.910751057555899e-05 0.0001384698844049126 0.0005536034004762769
5.603500176221132e-05 0.00030309316935017705 0.533913791179657 0.46472710371017456 0.0001351344835711643 9.633764420868829e-05 8.86585985426791e-05 0.00013940416101831943 0.0005404283874668181
5.756722384830937e-05 0.00030220727785490453 0.5332910418510437 0.4653501510620117 0.0001331842940999195 9.652057633502409e-05 8.975574019132182e-05 0.00013995543122291565 0.000539603759534657
5.588504791376181e-05 0.0003064116172026843 0.5375304818153381 0.46109965443611145 0.00013403761840891093 9.561557089909911e-05 8.881127723725513e-05 0.00013870887050870806 0.0005503479624167085
5.6902659707702696e-05 0.00030433147912845016 0.5346734523773193 0.4639459550380707 0.00012993956624995917 9.57577140070498e-05 9.175530431093648e-05 0.00014128905604593456 0.0005606896593235433
5.986000905977562e-05 0.0003016707778442651 0.5278764963150024 0.47075578570365906 0.00013001527986489236 9.666025289334357e-05 9.725898416945711e-05 0.00014926867152098566 0.0005328866536729038
6.350142211886123e-05 0.0003204637032467872 0.5240294933319092 0.4745919704437256 0.00012781335681211203 9.969627717509866e-05 9.363026038045064e-05 0.00014621933223679662 0.0005271835834719241
6.294207560131326e-05 0.00031991692958399653 0.5216927528381348 0.4769262969493866 0.0001283480814890936 0.00010052553261630237 9.445679461350664e-05 0.00014632503734901547 0.0005283993086777627
6.575617589987814e-05 0.0003259597870055586 0.520185112953186 0.4784356355667114 0.00012685064575634897 0.00010263013246003538 9.437857079319656e-05 0.00014791697321925312 0.0005157270934432745
6.789986946387216e-05 0.00032941767130978405 0.5185688734054565 0.4800487756729126 0.00012474080722313374 0.00010480084893060848 9.177833271678537e-05 0.0001452205760870129 0.0005184366018511355
6.797561945859343e-05 0.00032985463622026145 0.5159052014350891 0.4827107787132263 0.00012521828466560692 0.00010652190394466743 9.318834054283798e-05 0.0001483231026213616 0.0005129877245053649
6.647048576269299e-05 0.0003266172425355762 0.5141980051994324 0.4844130575656891 0.00012935997801832855 0.00010596455831546336 9.511157259112224e-05 0.0001482583611505106 0.0005172016681171954
6.904966721776873e-05 0.0003327806480228901 0.5141936540603638 0.4844094514846802 0.00012325386342126876 0.00010622532136039808 9.4709983386565e-05 0.00014896801440045238 0.0005219195154495537
6.163274520076811e-05 0.0003216564655303955 0.5249178409576416 0.47366780042648315 0.0001251051144208759 9.68396634561941e-05 9.51333058765158e-05 0.00014205282786861062 0.0005719544715248048
6.792929343646392e-05 0.00034056909498758614 0.5185076594352722 0.4800713360309601 0.00012056766718160361 0.00010162444959860295 9.42895348998718e-05 0.0001435439189663157 0.0005524701555259526
6.743869744241238e-05 0.00032876653131097555 0.5187166333198547 0.4798838794231415 0.00012444265303201973 0.0001027477192110382 9.873907401924953e-05 0.00014896535139996558 0.0005283993668854237
7.122769602574408e-05 0.0003349883481860161 0.516075849533081 0.482531875371933 0.00012544379569590092 0.00010958247003145516 9.637280891183764e-05 0.00014799708151258528 0.0005066474550403655
6.750535976607352e-05 0.00033289691782556474 0.5163707733154297 0.4822314381599426 0.000129504463984631 0.00010504588135518134 9.939067967934534e-05 0.00015018554404377937 0.000513221777509898
6.887716153869405e-05 0.00033558448194526136 0.5146313309669495 0.4839720129966736 0.00013333011884242296 0.00010705458407755941 0.00010081307118525729 0.0001538928918307647 0.0004971215967088938
6.852567457826808e-05 0.0003477139980532229 0.5120710730552673 0.48649880290031433 0.00013039728219155222 0.00010155564086744562 9.800005500437692e-05 0.00014462461695075035 0.0005393646424636245
7.133489270927384e-05 0.00037388436612673104 0.5147309899330139 0.48383745551109314 0.0001270205684704706 0.00011008995352312922 8.893854828784242e-05 0.000139644427690655 0.0005205985507927835
7.03897385392338e-05 0.0003750109754037112 0.5121729969978333 0.4863798916339874 0.00012700844672508538 0.00010746180487331003 8.921174594433978e-05 0.0001393509446643293 0.0005387126002460718
7.200294203357771e-05 0.00038693216629326344 0.5113775134086609 0.48716843128204346 0.00012709690781775862 0.00011112210631836206 8.600456203566864e-05 0.00013815212878398597 0.0005327065009623766
6.957188452361152e-05 0.00037072517443448305 0.508943498134613 0.4896116852760315 0.0001316942652920261 0.0001064006719388999 9.233563469024375e-05 0.00014183354505803436 0.0005322525394149125
7.07619110471569e-05 0.0003819295670837164 0.5046343803405762 0.4938969314098358 0.0001301284646615386 0.00010532559099374339 9.243265230907127e-05 0.00014184600149746984 0.000546222145203501
7.007757085375488e-05 0.00038352207047864795 0.5076502561569214 0.49087873101234436 0.00012887848424725235 0.00010433405986987054 9.133077401202172e-05 0.00013989534636493772 0.000553040998056531
7.300460856640711e-05 0.000396444636862725 0.5061065554618835 0.4924011826515198 0.0001232890208484605 0.00010728333290899172 9.04566259123385e-05 0.00014019499940332025 0.0005616568960249424
7.65624427003786e-05 0.00042409435263834894 0.5047056078910828 0.4937422573566437 0.00011800182255683467 0.00011200404696865007 8.390291623072699e-05 0.0001326474448433146 0.0006048991344869137
7.173850463004783e-05 0.00041782172047533095 0.5068784356117249 0.4915728271007538 0.00011623825412243605 0.0001040344504872337 8.822656673146412e-05 0.00013414178101811558 0.0006165862432681024
7.680450653424487e-05 0.00043393095256760716 0.5041903257369995 0.49422651529312134 0.00011187144264113158 0.000109082531707827 8.608080679550767e-05 0.00013427992234937847 0.0006311337929219007
7.192417979240417e-05 0.0004116542113479227 0.5075684785842896 0.4908844232559204 0.000116018156404607 0.00010411013499833643 8.942073327489197e-05 0.00013615243369713426 0.0006177496397867799
7.598978845635429e-05 0.0004225068259984255 0.5048642754554749 0.4936060309410095 0.0001164010027423501 0.00010977471538353711 9.099341696128249e-05 0.00014533178182318807 0.0005686736549250782
7.931185973575339e-05 0.0004403198545332998 0.5049799084663391 0.49346867203712463 0.0001146834110841155 0.00011351834109518677 8.709000394446775e-05 0.00014517999079544097 0.0005713248392567039
7.337688293773681e-05 0.00039724429370835423 0.5091187953948975 0.48936760425567627 0.00011392658052500337 0.00010272374493069947 9.290563320973888e-05 0.0001509675057604909 0.0005824472173117101
6.776049121981487e-05 0.00039960374124348164 0.5149556398391724 0.4835134744644165 0.0001152283075498417 9.377810056321323e-05 9.369370673084632e-05 0.00014791318972129375 0.0006129521643742919
6.432003283407539e-05 0.00039795992779545486 0.5215242505073547 0.4769122898578644 0.00011661113239824772 8.682959742145613e-05 9.256698103854433e-05 0.00013904963270761073 0.0006661626393906772
6.824238516855985e-05 0.0004176865622866899 0.5146506428718567 0.48382195830345154 0.00011962583812419325 9.338958625448868e-05 9.091181709663942e-05 0.00014217005809769034 0.0005953554646112025
7.197761442512274e-05 0.00043375944369472563 0.5087552070617676 0.48970597982406616 0.00012095968122594059 9.452188533032313e-05 8.980931306723505e-05 0.0001443978981114924 0.0005833815666846931
7.137817738112062e-05 0.0004342494357842952 0.5115379691123962 0.48690134286880493 0.00011723477655323222 9.225560643244535e-05 8.8414570200257e-05 0.00014225862105377018 0.0006148605607450008
6.844301969977096e-05 0.0004537816275842488 0.51937335729599 0.47897204756736755 0.00011196413834113628 8.565370080759749e-05 9.345100988866761e-05 0.00013350069639272988 0.0007078159833326936
7.235239172587171e-05 0.00045685554505325854 0.512091338634491 0.486332505941391 0.00011456902575446293 9.210367716150358e-05 9.459533612243831e-05 0.00015003420412540436 0.0005956499953754246
7.647131860721856e-05 0.0005170251242816448 0.5197682976722717 0.47862616181373596 0.00010985061089741066 9.561250044498593e-05 8.678461017552763e-05 0.0001444417575839907 0.0005753655568696558
7.132791506592184e-05 0.0004993506008759141 0.5329961180686951 0.4654129147529602 0.00011005841224687174 9.130708349402994e-05 8.346700633410364e-05 0.00013642523845192045 0.0005990410572849214
7.330561493290588e-05 0.0005437398795038462 0.535171389579773 0.46319201588630676 0.00010843252675840631 8.880194945959374e-05 8.05620729806833e-05 0.00013399517047218978 0.0006077114958316088
7.195558282546699e-05 0.0005399114452302456 0.540431559085846 0.4579285979270935 0.00010571753955446184 8.881169196683913e-05 7.976813503773883e-05 0.0001340745366178453 0.0006196611793711782
7.156750507419929e-05 0.0005398434004746377 0.5467088222503662 0.45165207982063293 0.00010221533011645079 9.141497139353305e-05 7.817340519977733e-05 0.00013770365330856293 0.0006182147189974785
6.790801853640005e-05 0.0005330332205630839 0.5593451857566833 0.43899255990982056 9.51834736042656e-05 8.391265146201476e-05 7.79408001108095e-05 0.00013640425459016114 0.0006678616045974195
6.802606367273256e-05 0.0005408457363955677 0.5743286609649658 0.4239681363105774 8.764767699176446e-05 8.303271170007065e-05 7.105768600013107e-05 0.00012757990043610334 0.0007249165792018175
6.901296728756279e-05 0.0005591125227510929 0.5803743600845337 0.4178723394870758 8.260779577540234e-05 8.258337038569152e-05 6.834171654190868e-05 0.0001252079091500491 0.0007664255099371076
6.583250069525093e-05 0.0005485100555233657 0.588381826877594 0.409848690032959 8.141976286424324e-05 7.796546560712159e-05 6.978056626394391e-05 0.0001245972525794059 0.000801426824182272
6.038733044988476e-05 0.0005888619343750179 0.6341280341148376 0.36399999260902405 7.928012928459793e-05 6.902233144501224e-05 6.700268568238243e-05 0.00011217071732971817 0.0008952600182965398
5.526527456822805e-05 0.00056025804951787 0.6623957753181458 0.3356465995311737 8.174777030944824e-05 6.31176881142892e-05 6.485519406851381e-05 0.00010279167327098548 0.0010296186665073037
4.881615677732043e-05 0.0005976009415462613 0.7258813381195068 0.27211272716522217 7.412703416775912e-05 5.8269433793611825e-05 5.848004002473317e-05 0.00010140433005290106 0.0010672140633687377
4.470128260436468e-05 0.0006630662828683853 0.7631217241287231 0.2344522327184677 7.790891686454415e-05 5.447681905934587e-05 5.4878641094546765e-05 8.765501843299717e-05 0.0014433806063607335
4.6297547669382766e-05 0.0006342441774904728 0.749920666217804 0.24775269627571106 8.054832142079249e-05 5.1235230785096064e-05 5.888367013540119e-05 9.150685946224257e-05 0.0013638261007145047
4.730727232526988e-05 0.0005965302116237581 0.7389218211174011 0.2587675154209137 8.145382162183523e-05 4.921693471260369e-05 6.25495522399433e-05 9.262481762561947e-05 0.00138090702239424
4.472694854484871e-05 0.0006318218074738979 0.7689088582992554 0.2285882979631424 8.030599565245211e-05 4.666439417633228e-05 6.002235386404209e-05 8.900803368305787e-05 0.0015503934118896723
4.550365702016279e-05 0.0007010974804870784 0.797410249710083 0.19989094138145447 7.749340875307098e-05 4.770261875819415e-05 5.367627090890892e-05 8.167671330738813e-05 0.0016917192842811346
4.5553701056633145e-05 0.000691489374730736 0.7916398048400879 0.20586319267749786 7.66253870096989e-05 4.7867790271993726e-05 5.3451836720341817e-05 8.507419261150062e-05 0.0014969788026064634
4.468266706680879e-05 0.0006981674232520163 0.80982506275177 0.18791289627552032 7.399435708066449e-05 4.921195431961678e-05 5.0605402066139504e-05 9.184661757899448e-05 0.0012534989509731531
4.355699275038205e-05 0.0007000940386205912 0.8188579082489014 0.17885228991508484 7.349980296567082e-05 4.787363650393672e-05 5.041658005211502e-05 9.1891924967058e-05 0.0012825537705793977
3.947684308513999e-05 0.000778421584982425 0.8694565296173096 0.1279166340827942 7.544687832705677e-05 4.9106820370070636e-05 4.562867252388969e-05 8.291799895232543e-05 0.0015558419981971383
3.9197660953504965e-05 0.0008026195573620498 0.8839464783668518 0.11339294165372849 7.863474456826225e-05 4.689243360189721e-05 4.5598881115438417e-05 8.71488664415665e-05 0.0015604962827637792
3.984673458035104e-05 0.0008076485828496516 0.893707275390625 0.10358547419309616 7.907981489552185e-05 4.627219823305495e-05 4.599506428348832e-05 8.87674541445449e-05 0.0015996088040992618
4.147873551119119e-05 0.0008198567084036767 0.8947734832763672 0.10245849192142487 7.806139183230698e-05 4.5153999963076785e-05 4.670366979553364e-05 8.813297608867288e-05 0.0016486801905557513
4.062141306349076e-05 0.0008019086089916527 0.9056885838508606 0.09181595593690872 7.858101889723912e-05 4.731660010293126e-05 4.54691871709656e-05 9.47557928157039e-05 0.0013867967063561082
5.816336488351226e-05 0.00264588650316 0.8464803099632263 0.13983964920043945 0.00016864573990460485 6.318717350950465e-05 8.371267904294655e-05 0.00010089475108543411 0.0105595076456666
0.0001351232931483537 0.0067220451310276985 0.7974222898483276 0.1705925017595291 0.00020476302597671747 0.00010044221562566236 0.00010932469740509987 0.00015995762078091502 0.024553490802645683
0.00021478593407664448 0.010811234824359417 0.7506492137908936 0.15658043324947357 0.00032027356792241335 0.0001471050054533407 0.00017174847016576678 0.0002195366396335885 0.08088567852973938
0.00021659969934262335 0.009651850908994675 0.7441313862800598 0.14693504571914673 0.00033937045373022556 0.0001553509646328166 0.00017889944138005376 0.0002230349782621488 0.09816840291023254
0.0002549554337747395 0.010656842030584812 0.7244164943695068 0.1454325020313263 0.0003465846530161798 0.00016346223128493875 0.00020237747230567038 0.00023748440435156226 0.11828944087028503
0.00010444844519952312 0.004467179533094168 0.6718433499336243 0.15920200943946838 0.11935918033123016 0.00018739467486739159 0.0002728779218159616 0.00011438447836553678 0.04444916173815727
0.00011461145186331123 0.0018665093230083585 0.11552207916975021 0.034498199820518494 0.8392546772956848 0.00022609641018789262 0.0005719761829823256 0.00020385844982229173 0.007742019835859537
9.776205115485936e-05 0.000865427718963474 0.036582931876182556 0.013819054700434208 0.9446911215782166 0.00019894256547559053 0.0006139344768598676 0.00020511189359240234 0.0029257882852107286
9.481580491410568e-05 0.0007019010372459888 0.02950974367558956 0.01122609619051218 0.9549769163131714 0.0001918633352033794 0.0008304158691316843 0.0002812958846334368 0.002186921890825033
9.782044071471319e-05 0.0005512300413101912 0.019114376977086067 0.007779908832162619 0.9697214365005493 0.00020738053717650473 0.000779236841481179 0.0002638571313582361 0.0014848173595964909
8.35736354929395e-05 0.0004421810444910079 0.011201614513993263 0.004544985946267843 0.9811797738075256 0.00017678402946330607 0.0007705015013925731 0.0002271745033795014 0.0013735046377405524
8.989249909063801e-05 0.00042446519364602864 0.008446021005511284 0.0036517721600830555 0.9851571321487427 0.0001871320855570957 0.0007768167997710407 0.0002269638207508251 0.0010398348094895482
8.649277151562274e-05 0.00038785074139013886 0.00690913200378418 0.0029574898071587086 0.9876155257225037 0.00018958302098326385 0.0006877589621581137 0.000199298418010585 0.0009668368729762733
8.873202023096383e-05 0.0003687933785840869 0.005874456837773323 0.0026959844399243593 0.9890205264091492 0.0001934287283802405 0.0006826066528446972 0.00019866492948494852 0.0008768400875851512
8.531666389899328e-05 0.00035443840897642076 0.005076904781162739 0.002350645139813423 0.9901854991912842 0.00018526446365285665 0.0007040593191049993 0.0001935636973939836 0.0008642623433843255
8.789428829913959e-05 0.0003419849672354758 0.004584374371916056 0.002210601232945919 0.990912675857544 0.00019523012451827526 0.0006903479225002229 0.00019698099640663713 0.0007799934828653932
8.33901867736131e-05 0.00030301272636279464 0.003414260223507881 0.0017042150720953941 0.9927340745925903 0.0001872502180049196 0.0006530640530399978 0.0001751936215441674 0.0007455385057255626
8.847382559906691e-05 0.0002921796403825283 0.002850326942279935 0.0014971329364925623 0.9937065243721008 0.0002061980776488781 0.0005312802386470139 0.00014645830378867686 0.0006813851650804281
8.298124157590792e-05 0.000287254893919453 0.0024470945354551077 0.001332774292677641 0.9942491054534912 0.00018668678239919245 0.000593040487729013 0.000151089858263731 0.0006699829827994108
8.044486457947642e-05 0.00027190305991098285 0.0020427191630005836 0.0011626172345131636 0.9948614239692688 0.000176356261363253 0.0005903187557123601 0.00014361938519869 0.0006704934639856219
8.117967081489041e-05 0.0002723272191360593 0.0019050015835091472 0.0011163109447807074 0.9951313734054565 0.00018674199236556888 0.0005495502846315503 0.00014138569531496614 0.0006161223282106221
7.561190432170406e-05 0.0002557345142122358 0.0015322485705837607 0.0009321499965153635 0.9957718253135681 0.00017861062951851636 0.0005088640609756112 0.00012411089846864343 0.0006208315608091652
7.642897253390402e-05 0.00024346406280528754 0.0012849534396082163 0.0008381741354241967 0.9962174296379089 0.00019042618805542588 0.00046078814193606377 0.00011281065962975845 0.000575547048356384
7.983086834428832e-05 0.00023592819343321025 0.001022819895297289 0.000706547754816711 0.9966230392456055 0.00019515403255354613 0.0005038719391450286 0.00011881761020049453 0.0005139560089446604
7.533218740718439e-05 0.0002217796427430585 0.0008462215773761272 0.0006119296886026859 0.9969107508659363 0.0001841615157900378 0.0004872486460953951 0.0001060273134498857 0.0005565360770560801
7.274587551364675e-05 0.0002230809477623552 0.0007520633516833186 0.0005547088803723454 0.9970359802246094 0.0001749483635649085 0.0005040639080107212 0.00010268003825331107 0.0005797785706818104
6.947369547560811e-05 0.0002183352189604193 0.0006853904924355447 0.0005029073799960315 0.9971151351928711 0.00016042399511206895 0.0005047873710282147 9.625076199881732e-05 0.0006472291424870491
6.941115134395659e-05 0.0002160801668651402 0.0005838667857460678 0.0004376341530587524 0.9972859621047974 0.000160742478328757 0.000490083999466151 9.055822010850534e-05 0.000665810308419168
7.417573215207085e-05 0.00021642322826664895 0.0004596200888045132 0.00037252309266477823 0.9975469708442688 0.00016840564785525203 0.0004411167756188661 7.983076648088172e-05 0.0006408590124920011
7.274842937476933e-05 0.00021282593661453575 0.00040883099427446723 0.00033727887785062194 0.9975684285163879 0.00015871877258177847 0.0004615043580997735 7.77312379796058e-05 0.0007019275799393654
7.316274422919378e-05 0.00021323423425201327 0.00038012134609743953 0.0003245148400310427 0.9975758194923401 0.0001539863587822765 0.00046741546248085797 7.693038787692785e-05 0.0007348083308897913
7.470184209523723e-05 0.00022512610303238034 0.0003357486566528678 0.00030240631895139813 0.9975583553314209 0.00014772398571949452 0.000484526070067659 7.475236634491012e-05 0.0007965745171532035
8.938202518038452e-05 0.00020423121168278158 0.00029133239877410233 0.000279435160337016 0.9977927207946777 0.0001791126123862341 0.000464378361357376 8.024342969292775e-05 0.0006191557040438056
8.103107393253595e-05 0.00018625996017362922 0.00025400175945833325 0.00024598935851827264 0.9978359341621399 0.00019119924400001764 0.0005257059819996357 8.531898492947221e-05 0.0005946647142991424
7.560173980891705e-05 0.00017220230074599385 0.00021517467394005507 0.00021096071577630937 0.9979621171951294 0.00021425096201710403 0.0005104081355966628 7.763852772768587e-05 0.0005616722628474236
8.04832816356793e-05 0.00017264917551074177 0.00016412592958658934 0.00016642284754198045 0.9980911612510681 0.00024394896172452718 0.0004996574716642499 7.328281935770065e-05 0.0005082190618850291
8.213709224946797e-05 0.00017722047050483525 0.00014181315782479942 0.00015217131294775754 0.9980915188789368 0.0002829628938343376 0.0005481470143422484 7.574028859380633e-05 0.0004482853109948337
7.586535502923653e-05 0.00016744817548897117 0.00013823994959238917 0.00014277255104389042 0.9979848861694336 0.0002639039303176105 0.0005921676056459546 6.653447780990973e-05 0.000568276213016361
5.885393329663202e-05 0.00014730436669196934 0.00011354176967870444 9.376684465678409e-05 0.9973512887954712 0.0004239007248543203 0.000344533211318776 3.0094040994299576e-05 0.0014367274707183242
7.304889004444703e-05 0.00020499028323683888 0.00012582332419697195 8.481087570544332e-05 0.9936355352401733 0.0008548739133402705 0.0002712253190111369 2.0560359189403243e-05 0.004729167092591524
0.00011992126383120194 0.00036255555460229516 0.0001842906785896048 0.0001004659861791879 0.980945348739624 0.001709740492515266 0.00030716010951437056 2.0073695850442164e-05 0.016250448301434517
0.0001304025499848649 0.000358038378180936 0.000163968579727225 8.855891792336479e-05 0.9774322509765625 0.002770163817331195 0.0003257576026953757 2.3183238226920366e-05 0.01870773360133171
0.0004657191166188568 0.0005939892143942416 0.00010793317051138729 0.00010310592915629968 0.9661864042282104 0.020764945074915886 0.0004727879131678492 2.8735346859320998e-05 0.011276338249444962
0.0032267707865685225 0.0013896491145715117 0.00023765955120325089 0.000263375899521634 0.8211384415626526 0.15301109850406647 0.0007567480206489563 5.5033640819601715e-05 0.019921183586120605
0.008201148360967636 0.0018371152691543102 0.00027993274852633476 0.00036080885911360383 0.6619389653205872 0.31161969900131226 0.0009944577468559146 9.108390077017248e-05 0.014676838181912899
0.007181856781244278 0.0014596610562875867 0.00033300567883998156 0.0004267687618266791 0.48503968119621277 0.4907611608505249 0.0011031231842935085 9.851424692897126e-05 0.01359613984823227
0.007089370861649513 0.0011806684779003263 0.00032995513174682856 0.00042577131534926593 0.19649681448936462 0.7812153697013855 0.0009237169288098812 9.819419938139617e-05 0.012240109965205193
0.005539664067327976 0.0010158545337617397 0.00031678570667281747 0.00039529037894681096 0.1310073584318161 0.8503553867340088 0.0007761662127450109 8.67636626935564e-05 0.010506757535040379
0.004219254944473505 0.0008338409825228155 0.00027045488241128623 0.0003285265411250293 0.09140398353338242 0.8945565223693848 0.0006376115488819778 7.928422564873472e-05 0.007670619525015354
0.002265345072373748 0.0009753493941389024 0.00021776327048428357 0.00020255940034985542 0.03716978803277016 0.9468948841094971 0.00041455018799751997 5.071171835879795e-05 0.011808979324996471
0.002126485574990511 0.0008380532963201404 0.0002121328579960391 0.00016939712804742157 0.017795510590076447 0.9638105630874634 0.00036175549030303955 5.433577098301612e-05 0.014631773345172405
0.0017684680642560124 0.0010237256065011024 0.00026479060761630535 0.00018098924192599952 0.019461026415228844 0.9490845203399658 0.00038791392580606043 6.108361412771046e-05 0.02776743657886982
0.002238619839772582 0.0011766619281843305 0.00030738854547962546 0.00019616381905507296 0.02051275409758091 0.9416694641113281 0.0003742786357179284 6.268803554121405e-05 0.03346198424696922
0.0020436609629541636 0.0012074419064447284 0.00021674360323231667 0.0001455883466405794 0.03159128874540329 0.9400895237922668 0.0004763212346006185 6.897428829688579e-05 0.02416045404970646
0.0028370420914143324 0.0011912942864000797 0.0001510885776951909 0.00012215727474540472 0.017627492547035217 0.9671089053153992 0.0003347695164848119 5.578944183071144e-05 0.010571564547717571
0.003581318072974682 0.0014237146824598312 0.00013651566405314952 0.00011542348511284217 0.015503567643463612 0.9681278467178345 0.000382525468012318 5.928779501118697e-05 0.010669813491404057
0.004899508319795132 0.001421165419742465 0.00013470281555783004 0.00011326726234983653 0.009867154061794281 0.9724429845809937 0.00036134972469881177 6.576426676474512e-05 0.010694200173020363
0.008103594183921814 0.00246071326546371 0.00012524552585091442 0.00011522544082254171 0.01313456054776907 0.965848445892334 0.000426320155384019 6.713833136018366e-05 0.009718727320432663
0.005227743182331324 0.0017802028451114893 9.745859279064462e-05 9.398691327078268e-05 0.009039358235895634 0.9757541418075562 0.00044221989810466766 6.753882189514115e-05 0.007497425656765699
0.003729259828105569 0.0011356411268934608 9.634733578423038e-05 9.881064033834264e-05 0.005265590734779835 0.9830760955810547 0.00036842242116108537 6.676802149740979e-05 0.006163137033581734
0.002216476248577237 0.000680403842125088 0.0001028510887408629 0.000110841981950216 0.0035409799311310053 0.9881844520568848 0.0003036735870409757 6.805612065363675e-05 0.004792149644345045
0.0022968531120568514 0.0007059195777401328 0.0001073549356078729 0.00011726993398042396 0.0029229309875518084 0.9884485602378845 0.0003145287628285587 6.784908327972516e-05 0.0050187427550554276
0.0016752731753513217 0.0006061786552891135 0.00011860214726766571 0.00012737351062241942 0.0020515061914920807 0.9906831979751587 0.00028633602778427303 6.81238598190248e-05 0.00438339076936245
0.0020447801798582077 0.0005501625128090382 0.00012375492951832712 0.00014049668970983475 0.0015402145218104124 0.9912251830101013 0.0002874426427297294 7.800869207130745e-05 0.004009986761957407
0.001543391146697104 0.0005259772296994925 0.00012926204362884164 0.00014637716230936348 0.001303094788454473 0.9921334981918335 0.0002768454432953149 8.034157508518547e-05 0.0038611688651144505
0.0016648294404149055 0.0005580055294558406 0.00012101465836167336 0.00014333767467178404 0.001261265017092228 0.9918650984764099 0.0003105974174104631 8.765942766331136e-05 0.003988178446888924
0.00162162643391639 0.0005633246619254351 0.00013254073564894497 0.00015693959721829742 0.0010522179072722793 0.9920010566711426 0.0002888047893065959 9.12965479074046e-05 0.004092117305845022
0.0013438380556181073 0.0005664884811267257 0.0001461021602153778 0.00015498643915634602 0.0010178086813539267 0.9922595620155334 0.00026313416310586035 8.680819883011281e-05 0.00416135136038065
0.001286866725422442 0.0005346901016309857 0.0001500822399975732 0.00015142577467486262 0.0009557884186506271 0.9920324087142944 0.0002603847242426127 9.810696792555973e-05 0.0045302920043468475
0.0013679887633770704 0.0005044278223067522 0.00015893134695943445 0.0001563691912451759 0.0008879026863723993 0.9918883442878723 0.00025486323283985257 0.00010435922013130039 0.004676861688494682
0.001554331392981112 0.0006280922680161893 0.0001745283225318417 0.00016459399193990976 0.0009163259528577328 0.9900144338607788 0.00023400016652885824 9.850134665612131e-05 0.006215235684067011
0.001527790678665042 0.0006640522042289376 0.0002054782962659374 0.0001888295664684847 0.000914710748475045 0.9879118204116821 0.00023867018171586096 0.00010129222937393934 0.008247374556958675
