0 0 0 0 0 0 0 0 1
0 0 0 0 0 0 0 0 2
0 0 0 0 0 0 0 0 3
0 0 0 0 0 0 0 0 4
0 0 0 0 0 0 0 0 5
0 0 0 0 0 0 0 0 6
0 0 0 0 0 0 0 0 7
0 0 0 0 0 0 0 0 8
0 0 0 0 0 0 0 0 9
0 0 0 0 0 0 0 0 10
0 0 0 0 0 0 0 0 11
0 0 0 0 0 0 0 0 12
0 0 0 0 0 0 0 0 13
0 0 0 0 0 0 1 0 13
0 0 0 0 0 0 2 0 13
0 0 0 0 0 0 3 0 13
0 0 0 0 0 0 4 0 13
0 0 0 0 0 0 5 0 13
0 0 0 0 0 0 6 0 13
0 0 0 0 0 0 7 0 13
0 0 0 0 0 0 8 0 13
0 0 0 0 0 0 9 0 13
0 0 0 0 0 0 10 0 13
0 0 0 0 0 0 11 0 13
0 0 0 0 0 0 12 0 13
0 0 0 0 0 0 13 0 13
0 0 0 0 0 0 14 0 13
0 0 0 0 0 0 15 0 13
0 0 0 0 0 0 16 0 13
0 0 0 0 0 0 17 0 13
0 0 0 0 0 0 18 0 13
0 0 0 0 0 0 19 0 13
0 0 0 0 0 0 20 0 13
0 0 0 0 0 0 21 0 13
0 0 0 0 0 0 22 0 13
0 0 0 0 0 0 23 0 13
0 0 0 0 0 0 24 0 13
0 0 0 0 0 0 25 0 13
0 0 0 0 0 0 25 0 14
0 0 0 0 0 0 25 0 15
0 0 0 0 0 0 25 0 16
0 0 0 0 0 0 25 0 17
0 0 0 0 0 0 25 0 18
0 0 0 0 0 0 26 0 18
0 0 0 0 0 0 27 0 18
0 0 0 0 0 0 28 0 18
0 0 0 0 0 0 28 0 18
0 0 0 0 0 0 28 0 18
0 0 0 0 0 0 28 0 18
0 0 0 0 0 0 28 0 18
0 0 0 0 0 0 28 0 18
0 0 0 0 0 0 29 0 18
0 0 0 0 0 0 29 0 18
0 0 0 0 0 0 29 0 18
1 0 0 0 0 0 29 0 18
2 0 0 0 0 0 29 0 18
3 0 0 0 0 0 29 0 18
4 0 0 0 0 0 29 0 18
5 0 0 0 0 0 29 0 18
6 0 0 0 0 0 29 0 18
7 0 0 0 0 0 29 0 18
8 0 0 0 0 0 29 0 18
9 0 0 0 0 0 29 0 18
10 0 0 0 0 0 29 0 18
11 0 0 0 0 0 29 0 18
12 0 0 0 0 0 29 0 18
13 0 0 0 0 0 29 0 18
14 0 0 0 0 0 29 0 18
15 0 0 0 0 0 29 0 18
16 0 0 0 0 0 29 0 18
17 0 0 0 0 0 29 0 18
18 0 0 0 0 0 29 0 18
19 0 0 0 0 0 29 0 18
20 0 0 0 0 0 29 0 18
21 0 0 0 0 0 29 0 18
22 0 0 0 0 0 29 0 18
23 0 0 0 0 0 29 0 18
24 0 0 0 0 0 29 0 18
25 0 0 0 0 0 29 0 18
26 0 0 0 0 0 29 0 18
27 0 0 0 0 0 29 0 18
28 0 0 0 0 0 29 0 18
29 0 0 0 0 0 29 0 18
30 0 0 0 0 0 29 0 18
31 0 0 0 0 0 29 0 18
32 0 0 0 0 0 29 0 18
33 0 0 0 0 0 29 0 18
34 0 0 0 0 0 29 0 18
35 0 0 0 0 0 29 0 18
36 0 0 0 0 0 29 0 18
36 1 0 0 0 0 29 0 18
36 2 0 0 0 0 29 0 18
36 3 0 0 0 0 29 0 18
36 4 0 0 0 0 29 0 18
36 5 0 0 0 0 29 0 18
36 6 0 0 0 0 29 0 18
36 7 0 0 0 0 29 0 18
36 8 0 0 0 0 29 0 18
36 9 0 0 0 0 29 0 18
36 10 0 0 0 0 29 0 18
36 11 0 0 0 0 29 0 18
36 12 0 0 0 0 29 0 18
36 13 0 0 0 0 29 0 18
36 14 0 0 0 0 29 0 18
36 15 0 0 0 0 29 0 18
36 16 0 0 0 0 29 0 18
36 17 0 0 0 0 29 0 18
36 18 0 0 0 0 29 0 18
36 19 0 0 0 0 29 0 18
36 20 0 0 0 0 29 0 18
36 21 0 0 0 0 29 0 18
36 22 0 0 0 0 29 0 18
36 23 0 0 0 0 29 0 18
36 24 0 0 0 0 29 0 18
36 25 0 0 0 0 29 0 18
36 26 0 0 0 0 29 0 18
36 27 0 0 0 0 29 0 18
36 28 0 0 0 0 29 0 18
36 29 0 0 0 0 29 0 18
36 30 0 0 0 0 29 0 18
36 31 0 0 0 0 29 0 18
36 32 0 0 0 0 29 0 18
36 33 0 0 0 0 29 0 18
36 34 0 0 0 0 29 0 18
36 35 0 0 0 0 29 0 18
36 36 0 0 0 0 29 0 18
36 37 0 0 0 0 29 0 18
36 38 0 0 0 0 29 0 18
36 39 0 0 0 0 29 0 18
36 40 0 0 0 0 29 0 18
36 41 0 0 0 0 29 0 18
36 42 0 0 0 0 29 0 18
36 43 0 0 0 0 29 0 18
36 44 0 0 0 0 29 0 18
36 45 0 0 0 0 29 0 18
36 46 0 0 0 0 29 0 18
36 47 0 0 0 0 29 0 18
36 48 0 0 0 0 29 0 18
36 49 0 0 0 0 29 0 18
36 50 0 0 0 0 29 0 18
36 51 0 0 0 0 29 0 18
36 52 0 0 0 0 29 0 18
36 53 0 0 0 0 29 0 18
36 54 0 0 0 0 29 0 18
36 55 0 0 0 0 29 0 18
36 56 0 0 0 0 29 0 18
36 57 0 0 0 0 29 0 18
36 58 0 0 0 0 29 0 18
36 59 0 0 0 0 29 0 18
36 60 0 0 0 0 29 0 18
36 61 0 0 0 0 29 0 18
36 62 0 0 0 0 29 0 18
36 63 0 0 0 0 29 0 18
36 64 0 0 0 0 29 0 18
36 65 0 0 0 0 29 0 18
36 66 0 0 0 0 29 0 18
36 67 0 0 0 0 29 0 18
36 68 0 0 0 0 29 0 18
36 69 0 0 0 0 29 0 18
36 70 0 0 0 0 29 0 18
36 71 0 0 0 0 29 0 18
36 72 0 0 0 0 29 0 18
36 72 0 0 0 0 29 0 18
36 73 0 0 0 0 29 0 18
36 74 0 0 0 0 29 0 18
36 75 0 0 0 0 29 0 18
36 76 0 0 0 0 29 0 18
36 76 0 0 0 0 29 0 18
36 76 0 0 0 0 29 0 18
36 76 0 0 0 0 29 0 18
36 76 1 0 0 0 29 0 18
36 76 2 0 0 0 29 0 18
36 76 3 0 0 0 29 0 18
36 76 4 0 0 0 29 0 18
36 76 5 0 0 0 29 0 18
36 76 6 0 0 0 29 0 18
36 76 7 0 0 0 29 0 18
36 76 8 0 0 0 29 0 18
36 76 9 0 0 0 29 0 18
36 76 10 0 0 0 29 0 18
36 76 11 0 0 0 29 0 18
36 76 12 0 0 0 29 0 18
36 76 13 0 0 0 29 0 18
36 76 14 0 0 0 29 0 18
36 76 15 0 0 0 29 0 18
36 76 16 0 0 0 29 0 18
36 76 17 0 0 0 29 0 18
36 76 18 0 0 0 29 0 18
36 76 19 0 0 0 29 0 18
36 76 20 0 0 0 29 0 18
36 76 21 0 0 0 29 0 18
36 76 22 0 0 0 29 0 18
36 76 23 0 0 0 29 0 18
36 76 24 0 0 0 29 0 18
36 76 25 0 0 0 29 0 18
36 76 26 0 0 0 29 0 18
36 76 27 0 0 0 29 0 18
36 76 28 0 0 0 29 0 18
36 76 29 0 0 0 29 0 18
36 76 30 0 0 0 29 0 18
36 76 31 0 0 0 29 0 18
36 76 32 0 0 0 29 0 18
36 76 33 0 0 0 29 0 18
36 76 34 0 0 0 29 0 18
36 76 35 0 0 0 29 0 18
36 76 36 0 0 0 29 0 18
36 76 37 0 0 0 29 0 18
36 76 38 0 0 0 29 0 18
36 76 39 0 0 0 29 0 18
36 76 40 0 0 0 29 0 18
36 76 41 0 0 0 29 0 18
36 76 42 0 0 0 29 0 18
36 76 43 0 0 0 29 0 18
36 76 44 0 0 0 29 0 18
36 76 45 0 0 0 29 0 18
36 76 46 0 0 0 29 0 18
36 76 47 0 0 0 29 0 18
36 76 48 0 0 0 29 0 18
36 76 49 0 0 0 29 0 18
36 76 50 0 0 0 29 0 18
36 76 51 0 0 0 29 0 18
36 76 52 0 0 0 29 0 18
36 76 53 0 0 0 29 0 18
36 76 54 0 0 0 29 0 18
36 76 55 0 0 0 29 0 18
36 76 56 0 0 0 29 0 18
36 76 57 0 0 0 29 0 18
36 76 58 0 0 0 29 0 18
36 76 59 0 0 0 29 0 18
36 76 60 0 0 0 29 0 18
36 76 61 0 0 0 29 0 18
36 76 62 0 0 0 29 0 18
36 76 63 0 0 0 29 0 18
36 76 64 0 0 0 29 0 18
36 76 65 0 0 0 29 0 18
36 76 66 0 0 0 29 0 18
36 76 67 0 0 0 29 0 18
36 76 68 0 0 0 29 0 18
36 76 69 0 0 0 29 0 18
36 76 70 0 0 0 29 0 18
36 76 71 0 0 0 29 0 18
36 76 72 0 0 0 29 0 18
36 76 73 0 0 0 29 0 18
36 76 74 0 0 0 29 0 18
36 76 75 0 0 0 29 0 18
36 76 76 0 0 0 29 0 18
36 76 77 0 0 0 29 0 18
36 76 78 0 0 0 29 0 18
36 76 79 0 0 0 29 0 18
36 76 80 0 0 0 29 0 18
36 76 81 0 0 0 29 0 18
36 76 82 0 0 0 29 0 18
36 76 83 0 0 0 29 0 18
36 76 84 0 0 0 29 0 18
36 76 85 0 0 0 29 0 18
36 76 86 0 0 0 29 0 18
36 76 87 0 0 0 29 0 18
36 76 88 0 0 0 29 0 18
36 76 89 0 0 0 29 0 18
36 76 90 0 0 0 29 0 18
36 76 91 0 0 0 29 0 18
36 76 92 0 0 0 29 0 18
36 76 93 0 0 0 29 0 18
36 76 94 0 0 0 29 0 18
36 76 95 0 0 0 29 0 18
36 76 96 0 0 0 29 0 18
36 76 97 0 0 0 29 0 18
36 76 98 0 0 0 29 0 18
36 76 99 0 0 0 29 0 18
36 76 100 0 0 0 29 0 18
36 76 101 0 0 0 29 0 18
36 76 102 0 0 0 29 0 18
36 76 103 0 0 0 29 0 18
36 76 104 0 0 0 29 0 18
36 76 105 0 0 0 29 0 18
36 76 106 0 0 0 29 0 18
36 76 107 0 0 0 29 0 18
36 76 108 0 0 0 29 0 18
36 76 109 0 0 0 29 0 18
36 76 110 0 0 0 29 0 18
36 76 111 0 0 0 29 0 18
36 76 112 0 0 0 29 0 18
36 76 113 0 0 0 29 0 18
36 76 114 0 0 0 29 0 18
36 76 115 0 0 0 29 0 18
36 76 116 0 0 0 29 0 18
36 76 117 0 0 0 29 0 18
36 76 118 0 0 0 29 0 18
36 76 119 0 0 0 29 0 18
36 76 120 0 0 0 29 0 18
36 76 121 0 0 0 29 0 18
36 76 122 0 0 0 29 0 18
36 76 123 0 0 0 29 0 18
36 76 124 0 0 0 29 0 18
36 76 125 0 0 0 29 0 18
36 76 126 0 0 0 29 0 18
36 76 127 0 0 0 29 0 18
36 76 128 0 0 0 29 0 18
36 76 129 0 0 0 29 0 18
36 76 130 0 0 0 29 0 18
36 76 131 0 0 0 29 0 18
36 76 132 0 0 0 29 0 18
36 76 133 0 0 0 29 0 18
36 76 134 0 0 0 29 0 18
36 76 135 0 0 0 29 0 18
36 76 136 0 0 0 29 0 18
36 76 137 0 0 0 29 0 18
36 76 138 0 0 0 29 0 18
36 76 139 0 0 0 29 0 18
36 76 140 0 0 0 29 0 18
36 76 141 0 0 0 29 0 18
36 76 142 0 0 0 29 0 18
36 76 143 0 0 0 29 0 18
36 76 144 0 0 0 29 0 18
36 76 145 0 0 0 29 0 18
36 76 146 0 0 0 29 0 18
36 76 147 0 0 0 29 0 18
36 76 148 0 0 0 29 0 18
36 76 149 0 0 0 29 0 18
36 76 150 0 0 0 29 0 18
36 76 151 0 0 0 29 0 18
36 76 152 0 0 0 29 0 18
36 76 153 0 0 0 29 0 18
36 76 154 0 0 0 29 0 18
36 76 155 0 0 0 29 0 18
36 76 156 0 0 0 29 0 18
36 76 157 0 0 0 29 0 18
36 76 158 0 0 0 29 0 18
36 76 159 0 0 0 29 0 18
36 76 160 0 0 0 29 0 18
36 76 161 0 0 0 29 0 18
36 76 162 0 0 0 29 0 18
36 76 163 0 0 0 29 0 18
36 76 164 0 0 0 29 0 18
36 76 165 0 0 0 29 0 18
36 76 166 0 0 0 29 0 18
36 76 167 0 0 0 29 0 18
36 76 168 0 0 0 29 0 18
36 76 169 0 0 0 29 0 18
36 76 170 0 0 0 29 0 18
36 76 171 0 0 0 29 0 18
36 76 172 0 0 0 29 0 18
36 76 173 0 0 0 29 0 18
36 76 174 0 0 0 29 0 18
36 76 175 0 0 0 29 0 18
36 76 176 0 0 0 29 0 18
36 76 177 0 0 0 29 0 18
36 76 178 0 0 0 29 0 18
36 76 179 0 0 0 29 0 18
36 76 180 0 0 0 29 0 18
36 76 181 0 0 0 29 0 18
36 76 182 0 0 0 29 0 18
36 76 183 0 0 0 29 0 18
36 76 184 0 0 0 29 0 18
36 76 185 0 0 0 29 0 18
36 76 186 0 0 0 29 0 18
36 76 187 0 0 0 29 0 18
36 76 188 0 0 0 29 0 18
36 76 189 0 0 0 29 0 18
36 76 190 0 0 0 29 0 18
36 76 191 0 0 0 29 0 18
36 76 192 0 0 0 29 0 18
36 76 193 0 0 0 29 0 18
36 76 194 0 0 0 29 0 18
36 76 195 0 0 0 29 0 18
36 76 196 0 0 0 29 0 18
36 76 197 0 0 0 29 0 18
36 76 198 0 0 0 29 0 18
36 76 199 0 0 0 29 0 18
36 76 200 0 0 0 29 0 18
36 76 201 0 0 0 29 0 18
36 76 202 0 0 0 29 0 18
36 76 203 0 0 0 29 0 18
36 76 204 0 0 0 29 0 18
36 76 205 0 0 0 29 0 18
36 76 206 0 0 0 29 0 18
36 76 207 0 0 0 29 0 18
36 76 208 0 0 0 29 0 18
36 76 209 0 0 0 29 0 18
36 76 209 0 1 0 29 0 18
36 76 209 0 2 0 29 0 18
36 76 209 0 3 0 29 0 18
36 76 209 0 4 0 29 0 18
36 76 209 0 5 0 29 0 18
36 76 209 0 6 0 29 0 18
36 76 209 0 7 0 29 0 18
36 76 209 0 8 0 29 0 18
36 76 209 0 9 0 29 0 18
36 76 209 0 10 0 29 0 18
36 76 209 0 11 0 29 0 18
36 76 209 0 12 0 29 0 18
36 76 209 0 13 0 29 0 18
36 76 209 0 14 0 29 0 18
36 76 209 0 15 0 29 0 18
36 76 209 0 16 0 29 0 18
36 76 209 0 17 0 29 0 18
36 76 209 0 18 0 29 0 18
36 76 209 0 19 0 29 0 18
36 76 209 0 20 0 29 0 18
36 76 209 0 21 0 29 0 18
36 76 209 0 22 0 29 0 18
36 76 209 0 23 0 29 0 18
36 76 209 0 24 0 29 0 18
36 76 209 0 25 0 29 0 18
36 76 209 0 26 0 29 0 18
36 76 209 0 27 0 29 0 18
36 76 209 0 28 0 29 0 18
36 76 209 0 29 0 29 0 18
36 76 209 0 30 0 29 0 18
36 76 209 0 31 0 29 0 18
36 76 209 0 32 0 29 0 18
36 76 209 0 33 0 29 0 18
36 76 209 0 34 0 29 0 18
36 76 209 0 35 0 29 0 18
36 76 209 0 36 0 29 0 18
36 76 209 0 37 0 29 0 18
36 76 209 0 38 0 29 0 18
36 76 209 0 39 0 29 0 18
36 76 209 0 39 0 29 0 18
36 76 209 0 39 1 29 0 18
36 76 209 0 39 2 29 0 18
36 76 209 0 39 3 29 0 18
36 76 209 0 39 4 29 0 18
36 76 209 0 39 5 29 0 18
36 76 209 0 39 6 29 0 18
36 76 209 0 39 7 29 0 18
36 76 209 0 39 8 29 0 18
36 76 209 0 39 9 29 0 18
36 76 209 0 39 10 29 0 18
36 76 209 0 39 11 29 0 18
36 76 209 0 39 12 29 0 18
36 76 209 0 39 13 29 0 18
36 76 209 0 39 14 29 0 18
36 76 209 0 39 15 29 0 18
36 76 209 0 39 16 29 0 18
36 76 209 0 39 17 29 0 18
36 76 209 0 39 18 29 0 18
36 76 209 0 39 19 29 0 18
36 76 209 0 39 20 29 0 18
36 76 209 0 39 21 29 0 18
36 76 209 0 39 22 29 0 18
36 76 209 0 39 23 29 0 18
36 76 209 0 39 24 29 0 18
36 76 209 0 39 25 29 0 18
36 76 209 0 39 26 29 0 18
